0.122 0.112 0.062                    
0.124 0.112 0.061                    
0.125 0.112 0.062                    
0.128 0.114 0.063                    
0.132 0.114 0.064                    
0.136 0.115 0.066                    
0.143 0.118 0.069                    
0.145 0.121 0.073                    
0.149 0.120 0.074                    
0.153 0.121 0.075                    
0.154 0.124 0.079                    
0.158 0.127 0.080                    
0.159 0.128 0.084                    
0.160 0.129 0.085                    
0.160 0.131 0.090                    
0.165 0.142 0.101                    
0.192 0.173 0.136                    
0.207 0.186 0.152                    
0.237 0.212 0.182                    
0.280 0.253 0.229                    
0.334 0.311 0.292                    
0.399 0.384 0.369                    
0.482 0.477 0.465                    
0.576 0.597 0.592                    
0.677 0.716 0.716                   
0.794 0.864 0.863                    
0.914 1.019 1.009                    
1.042 1.183 1.164                    
1.187 1.357 1.319                    
1.338 1.518 1.468                    
1.496 1.679 1.617                    
1.652 1.817 1.741                    
1.835 1.961 1.854                    
1.836 1.964 1.871                    
1.899 2.007 1.926                    
1.971 2.054 1.973                    
2.009 2.056 1.992                    
2.098 2.132 2.048                    
2.160 2.177 2.091                    
2.137 2.137 2.086                    
2.236 2.172 2.077                    
2.270 2.222 2.143                    
2.333 2.274 2.199                    
2.300 2.216 2.157                    
2.357 2.273 2.190                    
2.343 2.243 2.184                    
2.446 2.328 2.244                    
2.440 2.338 2.256