246 225 224
225 218 216
197 196 193
170 172 171
145 149 148
126 130 128
111 114 112
98 101 98
84 88 85
72 76 73
63 66 62
53 56 53
46 47 44
37 38 35
29 30 27
21 21 19
13 11 11 
9 9 8
223 222 226
195 212 214
168 190 189
147 167 167
128 146 146
113 129 127
100 112 110
89 100 98
77 86 85
66 75 73
56 64 62
47 54 52
39 45 43
30 37 34
22 28 25
13 18 17
9 10 10 
11 10 8
246 224 226
220 203 215
192 177 191
167 155 170
146 137 149
126 120 130
110 105 111
97 92 97
84 81 84
73 69 73
62 59 62
52 49 51
45 41 44
37 33 35
28 23 27
20 14 18
13 10 11
10 10 9
246 226 217
221 213 194
194 193 172
169 169 151
147 149 131
128 130 114
114 114 101
100 100 89
87 88 77
75 76 66
65 65 56
55 55 47
46 46 37
38 38 29
29 29 20
20 19 12
12 11 9
9 9 10