4095,4095,4095
4036,4078,4036
3977,4061,3978
3918,4044,3920
3860,4026,3863
3803,4007,3806
3748,3987,3750
3694,3967,3696
3641,3945,3642
3588,3920,3588
3539,3895,3538
3494,3868,3490
3451,3840,3444
3411,3809,3401
3374,3776,3360
3339,3741,3322
3308,3705,3285
3279,3667,3251
3252,3629,3219
3227,3589,3189
3204,3550,3160
3182,3510,3133
3162,3471,3108
3143,3433,3084
3126,3395,3061
3108,3359,3039
3091,3322,3018
3074,3289,2998
3058,3258,2980
3043,3228,2962
3028,3200,2945
3013,3173,2929
2999,3147,2913
2985,3122,2898
2971,3099,2884
2958,3077,2870
2945,3055,2857
2932,3035,2844
2919,3015,2831
2907,2996,2818
2895,2978,2806
2883,2960,2794
2871,2943,2782
2859,2926,2770
2848,2910,2758
2837,2895,2747
2827,2880,2736
2816,2866,2725
2806,2852,2714
2796,2839,2704
2787,2826,2693
2777,2814,2683
2768,2802,2673
2759,2790,2663
2750,2779,2653
2741,2768,2644
2733,2757,2634
2725,2747,2625
2716,2737,2616
2708,2727,2607
2700,2716,2597
2692,2707,2588
2684,2698,2579
2677,2689,2570
2669,2680,2562
2661,2671,2553
2654,2662,2544
2646,2653,2536
2639,2645,2528
2632,2636,2519
2625,2628,2511
2617,2620,2503
2610,2612,2495
2603,2604,2487
2596,2596,2479
2589,2588,2471
2582,2580,2463
2575,2572,2455
2568,2564,2447
2561,2557,2439
2555,2549,2432
2548,2542,2424
2542,2535,2417
2535,2528,2410
2529,2521,2403
2523,2514,2396
2516,2507,2389
2510,2500,2382
2504,2494,2375
2498,2487,2368
2492,2481,2362
2486,2474,2356
2480,2468,2349
2475,2462,2343
2468,2455,2337
2463,2449,2331
2457,2443,2325
2451,2437,2319
2446,2430,2313
2440,2424,2307
2434,2418,2301
2429,2412,2296
2423,2406,2290
2417,2400,2284
2412,2394,2278
2406,2388,2273
2400,2382,2267
2394,2376,2261
2388,2370,2255
2383,2364,2250
2377,2358,2244
2371,2352,2238
2365,2346,2232
2359,2340,2227
2354,2335,2221
2348,2329,2216
2342,2323,2210
2337,2317,2205
2331,2312,2199
2326,2306,2194
2320,2301,2188
2315,2295,2183
2309,2289,2177
2304,2284,2172
2298,2278,2166
2293,2273,2161
2287,2268,2155
2282,2262,2150
2276,2256,2144
2271,2251,2139
2266,2246,2134
2260,2240,2128
2255,2235,2123
2249,2230,2117
2244,2224,2112
2238,2219,2107
2233,2213,2101
2227,2208,2096
2222,2203,2090
2216,2197,2085
2211,2192,2080
2205,2186,2074
2199,2180,2069
2193,2175,2063
2188,2169,2058
2181,2163,2052
2176,2157,2046
2170,2152,2041
2164,2146,2035
2158,2141,2030
2152,2135,2024
2146,2129,2019
2140,2124,2014
2135,2118,2008
2129,2113,2003
2123,2107,1997
2117,2102,1992
2111,2097,1987
2105,2091,1981
2100,2086,1976
2094,2080,1971
2088,2075,1965
2082,2069,1959
2076,2064,1954
2070,2058,1948
2064,2053,1943
2058,2047,1937
2052,2042,1931
2045,2036,1926
2039,2030,1920
2033,2025,1914
2026,2019,1908
2020,2013,1902
2013,2007,1896
2007,2001,1889
2000,1995,1883
1993,1989,1877
1986,1983,1870
1980,1977,1864
1972,1971,1857
1965,1965,1851
1958,1959,1844
1951,1952,1837
1944,1946,1830
1937,1940,1824
1930,1934,1817
1923,1927,1810
1916,1921,1803
1908,1915,1796
1901,1908,1789
1893,1902,1782
1886,1896,1775
1878,1889,1768
1871,1883,1761
1863,1876,1754
1855,1870,1747
1847,1863,1739
1839,1856,1732
1831,1849,1725
1823,1843,1717
1814,1836,1710
1806,1829,1702
1797,1822,1694
1789,1815,1687
1780,1808,1678
1771,1801,1670
1762,1793,1662
1753,1786,1653
1743,1778,1645
1733,1770,1636
1723,1762,1626
1713,1753,1617
1703,1744,1608
1692,1734,1597
1681,1724,1587
1670,1714,1577
1659,1703,1567
1647,1691,1556
1636,1679,1545
1624,1665,1534
1611,1651,1522
1598,1636,1510
1585,1620,1497
1572,1602,1484
1558,1582,1471
1543,1562,1456
1528,1539,1442
1512,1514,1426
1496,1488,1409
1479,1459,1392
1461,1426,1373
1442,1392,1353
1423,1356,1333
1401,1318,1310
1378,1278,1286
1352,1235,1259
1323,1190,1230
1292,1143,1198
1256,1094,1162
1216,1043,1123
1173,990,1081
1124,934,1034
1070,877,982
1010,818,926
946,756,865
876,693,801
802,629,732
718,559,655
636,492,580
551,424,502
463,354,422
373,284,340
282,214,256
189,143,171
94,71,86
0,0,0
