4095,4095,4095
4093,4095,4093
4092,4095,4092
4090,4095,4090
4088,4095,4089
4086,4095,4087
4085,4095,4086
4083,4095,4084
4081,4095,4082
4080,4095,4081
4078,4095,4079
4076,4095,4078
4075,4095,4076
4073,4095,4075
4071,4095,4073
4069,4095,4071
4068,4095,4070
4066,4095,4068
4064,4095,4067
4063,4095,4065
4061,4095,4064
4059,4095,4062
4057,4095,4060
4056,4095,4059
4054,4095,4057
4052,4095,4056
4051,4095,4054
4049,4095,4053
4047,4095,4051
4046,4095,4049
4044,4095,4048
4042,4095,4046
4041,4095,4045
4039,4095,4043
4037,4095,4042
4035,4095,4040
4034,4095,4039
4032,4095,4037
4030,4095,4035
4029,4095,4034
4027,4095,4032
4025,4095,4031
4024,4095,4029
4022,4094,4028
4020,4094,4026
4019,4094,4025
4017,4094,4023
4015,4094,4021
4014,4094,4020
4012,4094,4018
4010,4094,4017
4008,4094,4015
4007,4094,4014
4005,4094,4012
4003,4094,4011
4002,4094,4009
4000,4094,4007
3998,4094,4006
3997,4094,4004
3995,4094,4003
3993,4094,4001
3992,4094,4000
3990,4093,3998
3988,4093,3997
3987,4093,3995
3985,4093,3994
3984,4093,3992
3982,4093,3991
3980,4093,3989
3979,4093,3988
3977,4093,3986
3975,4093,3984
3974,4093,3983
3972,4092,3981
3970,4092,3980
3969,4092,3978
3967,4092,3977
3965,4092,3975
3964,4092,3974
3962,4092,3972
3961,4092,3971
3959,4092,3969
3957,4091,3968
3956,4091,3966
3954,4091,3965
3952,4091,3963
3951,4091,3962
3949,4091,3960
3948,4091,3959
3946,4090,3957
3944,4090,3956
3943,4090,3954
3941,4090,3953
3940,4090,3951
3938,4090,3950
3936,4089,3948
3935,4089,3947
3933,4089,3945
3932,4089,3944
3930,4089,3942
3928,4088,3941
3927,4088,3939
3925,4088,3938
3924,4088,3936
3922,4088,3935
3920,4087,3933
3919,4087,3932
3917,4087,3931
3916,4087,3929
3914,4086,3928
3913,4086,3926
3911,4086,3925
3909,4086,3923
3908,4086,3922
3906,4085,3920
3905,4085,3919
3903,4085,3917
3902,4084,3916
3900,4084,3915
3899,4084,3913
3897,4084,3912
3896,4083,3910
3894,4083,3909
3893,4083,3907
3891,4082,3906
3889,4082,3905
3888,4082,3903
3886,4082,3902
3885,4081,3900
3883,4081,3899
3882,4081,3897
3880,4080,3896
3879,4080,3895
3877,4080,3893
3876,4079,3892
3874,4079,3890
3873,4078,3889
3871,4078,3888
3870,4078,3886
3869,4077,3885
3867,4077,3883
3866,4077,3882
3864,4076,3881
3863,4076,3879
3861,4075,3878
3860,4075,3876
3858,4075,3875
3857,4074,3874
3855,4074,3872
3854,4073,3871
3853,4073,3870
3851,4072,3868
3850,4072,3867
3848,4071,3866
3847,4071,3864
3845,4071,3863
3844,4070,3861
3843,4070,3860
3841,4069,3859
3840,4069,3857
3838,4068,3856
3837,4068,3855
3836,4067,3853
3834,4067,3852
3833,4066,3851
3831,4065,3850
3830,4065,3848
3829,4064,3847
3827,4064,3846
3826,4063,3844
3825,4063,3843
3823,4062,3842
3822,4062,3840
3821,4061,3839
3819,4060,3838
3818,4060,3836
3816,4059,3835
3815,4059,3834
3814,4058,3833
3812,4057,3831
3811,4057,3830
3810,4056,3829
3809,4055,3828
3807,4055,3826
3806,4054,3825
3805,4053,3824
3803,4053,3823
3802,4052,3821
3801,4051,3820
3800,4051,3819
3798,4050,3818
3797,4049,3816
3796,4048,3815
3794,4048,3814
3793,4047,3813
3792,4046,3811
3791,4045,3810
3789,4045,3809
3788,4044,3808
3787,4043,3807
3786,4042,3805
3785,4042,3804
3783,4041,3803
3782,4040,3802
3781,4039,3801
3780,4038,3799
3778,4038,3798
3777,4037,3797
3776,4036,3796
3775,4035,3795
3774,4034,3794
3773,4033,3792
3771,4032,3791
3770,4031,3790
3769,4031,3789
3768,4030,3788
3767,4029,3787
3766,4028,3786
3764,4027,3784
3763,4026,3783
3762,4025,3782
3761,4024,3781
3760,4023,3780
3759,4022,3779
3758,4021,3778
3757,4020,3777
3756,4019,3775
3754,4018,3774
3753,4017,3773
3752,4016,3772
3751,4015,3771
3750,4014,3770
3749,4013,3769
3748,4012,3768
3747,4011,3767
3746,4010,3766
3745,4009,3765
3744,4008,3764
3743,4007,3763
3742,4006,3761
3740,4005,3760
3739,4004,3759
3738,4003,3758
3737,4002,3757
3736,4000,3756
3735,3999,3755
3734,3998,3754
3733,3997,3753
3732,3996,3752
3731,3995,3751
3730,3994,3750
3729,3993,3749
3728,3991,3748
3727,3990,3747
3726,3989,3746
3725,3988,3745
3724,3987,3744
3723,3986,3743
3722,3984,3742
3721,3983,3741
3720,3982,3740
3720,3981,3739
3719,3980,3738
3718,3978,3737
3717,3977,3736
3716,3976,3735
3715,3975,3734
3714,3974,3733
3713,3972,3732
3712,3971,3731
3711,3970,3730
3710,3969,3729
3709,3967,3728
3708,3966,3727
3707,3965,3726
3706,3964,3725
3706,3962,3724
3705,3961,3724
3704,3960,3723
3703,3959,3722
3702,3957,3721
3701,3956,3720
3700,3955,3719
3699,3953,3718
3698,3952,3717
3697,3951,3716
3697,3950,3715
3696,3948,3714
3695,3947,3713
3694,3946,3712
3693,3944,3711
3692,3943,3711
3691,3942,3710
3691,3940,3709
3690,3939,3708
3689,3938,3707
3688,3936,3706
3687,3935,3705
3686,3934,3704
3686,3932,3703
3685,3931,3703
3684,3930,3702
3683,3928,3701
3682,3927,3700
3681,3926,3699
3681,3924,3698
3680,3923,3697
3679,3921,3696
3678,3920,3696
3677,3919,3695
3677,3917,3694
3676,3916,3693
3675,3915,3692
3674,3913,3691
3673,3912,3690
3673,3910,3690
3672,3909,3689
3671,3908,3688
3670,3906,3687
3669,3905,3686
3669,3904,3685
3668,3902,3685
3667,3901,3684
3666,3899,3683
3666,3898,3682
3665,3896,3681
3664,3895,3680
3663,3894,3680
3662,3892,3679
3662,3891,3678
3661,3889,3677
3660,3888,3676
3659,3887,3675
3659,3885,3675
3658,3884,3674
3657,3882,3673
3656,3881,3672
3656,3880,3671
3655,3878,3671
3654,3877,3670
3653,3875,3669
3653,3874,3668
3652,3872,3667
3651,3871,3667
3651,3870,3666
3650,3868,3665
3649,3867,3664
3648,3865,3664
3648,3864,3663
3647,3862,3662
3646,3861,3661
3646,3860,3660
3645,3858,3660
3644,3857,3659
3643,3855,3658
3643,3854,3657
3642,3852,3657
3641,3851,3656
3641,3850,3655
3640,3848,3654
3639,3847,3653
3638,3845,3653
3638,3844,3652
3637,3842,3651
3636,3841,3650
3636,3840,3650
3635,3838,3649
3634,3837,3648
3634,3835,3647
3633,3834,3647
3632,3833,3646
3632,3831,3645
3631,3830,3644
3630,3828,3644
3630,3827,3643
3629,3825,3642
3628,3824,3641
3628,3823,3641
3627,3821,3640
3626,3820,3639
3625,3818,3639
3625,3817,3638
3624,3816,3637
3623,3814,3636
3623,3813,3636
3622,3811,3635
3621,3810,3634
3621,3809,3633
3620,3807,3633
3619,3806,3632
3619,3804,3631
3618,3803,3631
3618,3802,3630
3617,3800,3629
3616,3799,3628
3616,3797,3628
3615,3796,3627
3614,3795,3626
3614,3793,3626
3613,3792,3625
3612,3791,3624
3612,3789,3623
3611,3788,3623
3610,3787,3622
3610,3785,3621
3609,3784,3621
3608,3782,3620
3608,3781,3619
3607,3780,3618
3606,3778,3618
3606,3777,3617
3605,3776,3616
3604,3774,3616
3604,3773,3615
3603,3772,3614
3603,3770,3614
3602,3769,3613
3601,3768,3612
3601,3766,3611
3600,3765,3611
3599,3764,3610
3599,3762,3609
3598,3761,3609
3597,3760,3608
3597,3759,3607
3596,3757,3607
3595,3756,3606
3595,3755,3605
3594,3753,3605
3594,3752,3604
3593,3751,3603
3592,3750,3603
3592,3748,3602
3591,3747,3601
3590,3746,3600
3590,3744,3600
3589,3743,3599
3588,3742,3598
3588,3741,3598
3587,3739,3597
3587,3738,3596
3586,3737,3596
3585,3736,3595
3585,3734,3594
3584,3733,3594
3583,3732,3593
3583,3731,3592
3582,3729,3592
3582,3728,3591
3581,3727,3590
3580,3726,3590
3580,3725,3589
3579,3723,3588
3578,3722,3588
3578,3721,3587
3577,3720,3586
3576,3719,3586
3576,3717,3585
3575,3716,3584
3575,3715,3584
3574,3714,3583
3573,3713,3582
3573,3711,3582
3572,3710,3581
3571,3709,3580
3571,3708,3580
3570,3707,3579
3570,3705,3578
3569,3704,3578
3568,3703,3577
3568,3702,3576
3567,3701,3576
3567,3700,3575
3566,3698,3574
3565,3697,3574
3565,3696,3573
3564,3695,3573
3563,3694,3572
3563,3693,3571
3562,3691,3571
3562,3690,3570
3561,3689,3569
3560,3688,3569
3560,3687,3568
3559,3686,3567
3559,3685,3567
3558,3683,3566
3557,3682,3565
3557,3681,3565
3556,3680,3564
3555,3679,3563
3555,3678,3563
3554,3677,3562
3554,3676,3562
3553,3674,3561
3552,3673,3560
3552,3672,3560
3551,3671,3559
3551,3670,3558
3550,3669,3558
3549,3668,3557
3549,3667,3556
3548,3666,3556
3548,3665,3555
3547,3663,3555
3546,3662,3554
3546,3661,3553
3545,3660,3553
3545,3659,3552
3544,3658,3551
3543,3657,3551
3543,3656,3550
3542,3655,3550
3542,3654,3549
3541,3653,3548
3540,3652,3548
3540,3650,3547
3539,3649,3546
3539,3648,3546
3538,3647,3545
3537,3646,3545
3537,3645,3544
3536,3644,3543
3536,3643,3543
3535,3642,3542
3534,3641,3541
3534,3640,3541
3533,3639,3540
3533,3638,3540
3532,3637,3539
3531,3636,3538
3531,3635,3538
3530,3634,3537
3530,3633,3536
3529,3632,3536
3529,3631,3535
3528,3630,3535
3527,3629,3534
3527,3628,3533
3526,3627,3533
3526,3626,3532
3525,3625,3532
3524,3624,3531
3524,3623,3530
3523,3622,3530
3523,3621,3529
3522,3620,3529
3521,3619,3528
3521,3618,3527
3520,3617,3527
3520,3616,3526
3519,3615,3525
3519,3614,3525
3518,3613,3524
3517,3612,3524
3517,3611,3523
3516,3610,3522
3516,3609,3522
3515,3608,3521
3514,3607,3521
3514,3606,3520
3513,3605,3519
3513,3604,3519
3512,3603,3518
3512,3602,3518
3511,3601,3517
3510,3600,3516
3510,3599,3516
3509,3598,3515
3509,3597,3515
3508,3596,3514
3508,3595,3513
3507,3594,3513
3506,3593,3512
3506,3592,3512
3505,3591,3511
3505,3590,3510
3504,3589,3510
3504,3588,3509
3503,3587,3509
3502,3586,3508
3502,3586,3507
3501,3585,3507
3501,3584,3506
3500,3583,3506
3500,3582,3505
3499,3581,3504
3498,3580,3504
3498,3579,3503
3497,3578,3503
3497,3577,3502
3496,3576,3502
3496,3575,3501
3495,3574,3500
3494,3573,3500
3494,3573,3499
3493,3572,3499
3493,3571,3498
3492,3570,3497
3492,3569,3497
3491,3568,3496
3491,3567,3496
3490,3566,3495
3489,3565,3494
3489,3564,3494
3488,3563,3493
3488,3562,3493
3487,3562,3492
3487,3561,3492
3486,3560,3491
3486,3559,3490
3485,3558,3490
3484,3557,3489
3484,3556,3489
3483,3555,3488
3483,3554,3487
3482,3554,3487
3482,3553,3486
3481,3552,3486
3481,3551,3485
3480,3550,3485
3479,3549,3484
3479,3548,3483
3478,3547,3483
3478,3546,3482
3477,3546,3482
3477,3545,3481
3476,3544,3480
3476,3543,3480
3475,3542,3479
3474,3541,3479
3474,3540,3478
3473,3539,3478
3473,3539,3477
3472,3538,3476
3472,3537,3476
3471,3536,3475
3471,3535,3475
3470,3534,3474
3470,3533,3474
3469,3533,3473
3468,3532,3472
3468,3531,3472
3467,3530,3471
3467,3529,3471
3466,3528,3470
3466,3527,3470
3465,3527,3469
3465,3526,3468
3464,3525,3468
3464,3524,3467
3463,3523,3467
3462,3522,3466
3462,3522,3465
3461,3521,3465
3461,3520,3464
3460,3519,3464
3460,3518,3463
3459,3517,3463
3459,3516,3462
3458,3516,3461
3458,3515,3461
3457,3514,3460
3457,3513,3460
3456,3512,3459
3455,3511,3459
3455,3511,3458
3454,3510,3458
3454,3509,3457
3453,3508,3456
3453,3507,3456
3452,3507,3455
3452,3506,3455
3451,3505,3454
3451,3504,3454
3450,3503,3453
3450,3502,3452
3449,3502,3452
3449,3501,3451
3448,3500,3451
3447,3499,3450
3447,3498,3450
3446,3498,3449
3446,3497,3448
3445,3496,3448
3445,3495,3447
3444,3494,3447
3444,3494,3446
3443,3493,3446
3443,3492,3445
3442,3491,3444
3442,3490,3444
3441,3490,3443
3441,3489,3443
3440,3488,3442
3440,3487,3442
3439,3486,3441
3439,3486,3441
3438,3485,3440
3437,3484,3439
3437,3483,3439
3436,3482,3438
3436,3482,3438
3435,3481,3437
3435,3480,3437
3434,3479,3436
3434,3479,3435
3433,3478,3435
3433,3477,3434
3432,3476,3434
3432,3475,3433
3431,3475,3433
3431,3474,3432
3430,3473,3432
3430,3472,3431
3429,3472,3430
3429,3471,3430
3428,3470,3429
3428,3469,3429
3427,3468,3428
3427,3468,3428
3426,3467,3427
3426,3466,3426
3425,3465,3426
3424,3465,3425
3424,3464,3425
3423,3463,3424
3423,3462,3424
3422,3462,3423
3422,3461,3423
3421,3460,3422
3421,3459,3421
3420,3459,3421
3420,3458,3420
3419,3457,3420
3419,3456,3419
3418,3456,3419
3418,3455,3418
3417,3454,3418
3417,3453,3417
3416,3453,3416
3416,3452,3416
3415,3451,3415
3415,3450,3415
3414,3450,3414
3414,3449,3414
3413,3448,3413
3413,3447,3413
3412,3447,3412
3412,3446,3411
3411,3445,3411
3411,3444,3410
3410,3444,3410
3410,3443,3409
3409,3442,3409
3409,3441,3408
3408,3441,3408
3408,3440,3407
3407,3439,3406
3407,3439,3406
3406,3438,3405
3406,3437,3405
3405,3436,3404
3405,3436,3404
3404,3435,3403
3404,3434,3403
3403,3434,3402
3403,3433,3401
3402,3432,3401
3402,3431,3400
3401,3431,3400
3401,3430,3399
3400,3429,3399
3400,3428,3398
3399,3428,3398
3399,3427,3397
3398,3426,3396
3398,3426,3396
3397,3425,3395
3397,3424,3395
3396,3423,3394
3396,3423,3394
3395,3422,3393
3395,3421,3393
3394,3421,3392
3394,3420,3391
3393,3419,3391
3393,3419,3390
3392,3418,3390
3392,3417,3389
3391,3416,3389
3391,3416,3388
3390,3415,3388
3390,3414,3387
3389,3414,3386
3389,3413,3386
3388,3412,3385
3388,3412,3385
3387,3411,3384
3387,3410,3384
3386,3409,3383
3386,3409,3383
3385,3408,3382
3385,3407,3382
3384,3407,3381
3384,3406,3380
3383,3405,3380
3383,3405,3379
3382,3404,3379
3382,3403,3378
3381,3403,3378
3381,3402,3377
3380,3401,3377
3380,3401,3376
3379,3400,3375
3379,3399,3375
3378,3398,3374
3378,3398,3374
3377,3397,3373
3377,3396,3373
3377,3396,3372
3376,3395,3372
3376,3394,3371
3375,3394,3370
3375,3393,3370
3374,3392,3369
3374,3392,3369
3373,3391,3368
3373,3390,3368
3372,3390,3367
3372,3389,3367
3371,3388,3366
3371,3388,3365
3370,3387,3365
3370,3386,3364
3369,3386,3364
3369,3385,3363
3368,3384,3363
3368,3384,3362
3367,3383,3362
3367,3382,3361
3366,3382,3360
3366,3381,3360
3365,3380,3359
3365,3380,3359
3364,3379,3358
3364,3378,3358
3363,3378,3357
3363,3377,3357
3363,3376,3356
3362,3376,3356
3362,3375,3355
3361,3374,3354
3361,3374,3354
3360,3373,3353
3360,3372,3353
3359,3372,3352
3359,3371,3352
3358,3371,3351
3358,3370,3351
3357,3369,3350
3357,3369,3349
3356,3368,3349
3356,3367,3348
3355,3367,3348
3355,3366,3347
3354,3365,3347
3354,3365,3346
3353,3364,3346
3353,3363,3345
3353,3363,3344
3352,3362,3344
3352,3361,3343
3351,3361,3343
3351,3360,3342
3350,3360,3342
3350,3359,3341
3349,3358,3341
3349,3358,3340
3348,3357,3339
3348,3356,3339
3347,3356,3338
3347,3355,3338
3346,3354,3337
3346,3354,3337
3345,3353,3336
3345,3353,3336
3344,3352,3335
3344,3351,3334
3344,3351,3334
3343,3350,3333
3343,3349,3333
3342,3349,3332
3342,3348,3332
3341,3347,3331
3341,3347,3331
3340,3346,3330
3340,3346,3329
3339,3345,3329
3339,3344,3328
3338,3344,3328
3338,3343,3327
3337,3342,3327
3337,3342,3326
3336,3341,3326
3336,3341,3325
3336,3340,3324
3335,3339,3324
3335,3339,3323
3334,3338,3323
3334,3337,3322
3333,3337,3322
3333,3336,3321
3332,3336,3320
3332,3335,3320
3331,3334,3319
3331,3334,3319
3330,3333,3318
3330,3332,3318
3329,3332,3317
3329,3331,3317
3328,3331,3316
3328,3330,3315
3328,3329,3315
3327,3329,3314
3327,3328,3314
3326,3328,3313
3326,3327,3313
3325,3326,3312
3325,3326,3312
3324,3325,3311
3324,3324,3310
3323,3324,3310
3323,3323,3309
3322,3323,3309
3322,3322,3308
3321,3321,3308
3321,3321,3307
3321,3320,3306
3320,3320,3306
3320,3319,3305
3319,3318,3305
3319,3318,3304
3318,3317,3304
3318,3316,3303
3317,3316,3303
3317,3315,3302
3316,3315,3301
3316,3314,3301
3315,3313,3300
3315,3313,3300
3314,3312,3299
3314,3312,3299
3314,3311,3298
3313,3310,3297
3313,3310,3297
3312,3309,3296
3312,3309,3296
3311,3308,3295
3311,3307,3295
3310,3307,3294
3310,3306,3294
3309,3306,3293
3309,3305,3292
3308,3304,3292
3308,3304,3291
3307,3303,3291
3307,3303,3290
3307,3302,3290
3306,3301,3289
3306,3301,3288
3305,3300,3288
3305,3299,3287
3304,3299,3287
3304,3298,3286
3303,3298,3286
3303,3297,3285
3302,3296,3284
3302,3296,3284
3301,3295,3283
3301,3295,3283
3301,3294,3282
3300,3293,3282
3300,3293,3281
3299,3292,3281
3299,3292,3280
3298,3291,3279
3298,3290,3279
3297,3290,3278
3297,3289,3278
3296,3289,3277
3296,3288,3277
3295,3287,3276
3295,3287,3275
3294,3286,3275
3294,3286,3274
3294,3285,3274
3293,3284,3273
3293,3284,3273
3292,3283,3272
3292,3283,3271
3291,3282,3271
3291,3282,3270
3290,3281,3270
3290,3280,3269
3289,3280,3269
3289,3279,3268
3288,3279,3267
3288,3278,3267
3287,3277,3266
3287,3277,3266
3287,3276,3265
3286,3276,3265
3286,3275,3264
3285,3274,3263
3285,3274,3263
3284,3273,3262
3284,3273,3262
3283,3272,3261
3283,3271,3260
3282,3271,3260
3282,3270,3259
3281,3270,3259
3281,3269,3258
3280,3268,3258
3280,3268,3257
3280,3267,3256
3279,3267,3256
3279,3266,3255
3278,3265,3255
3278,3265,3254
3277,3264,3254
3277,3264,3253
3276,3263,3252
3276,3262,3252
3275,3262,3251
3275,3261,3251
3274,3261,3250
3274,3260,3250
3273,3260,3249
3273,3259,3248
3273,3258,3248
3272,3258,3247
3272,3257,3247
3271,3257,3246
3271,3256,3245
3270,3255,3245
3270,3255,3244
3269,3254,3244
3269,3254,3243
3268,3253,3243
3268,3252,3242
3267,3252,3241
3267,3251,3241
3266,3251,3240
3266,3250,3240
3265,3249,3239
3265,3249,3238
3265,3248,3238
3264,3248,3237
3264,3247,3237
3263,3246,3236
3263,3246,3236
3262,3245,3235
3262,3245,3234
3261,3244,3234
3261,3243,3233
3260,3243,3233
3260,3242,3232
3259,3242,3231
3259,3241,3231
3258,3241,3230
3258,3240,3230
3257,3239,3229
3257,3239,3228
3256,3238,3228
3256,3238,3227
3256,3237,3227
3255,3236,3226
3255,3236,3226
3254,3235,3225
3254,3235,3224
3253,3234,3224
3253,3233,3223
3252,3233,3223
3252,3232,3222
3251,3232,3221
3251,3231,3221
3250,3230,3220
3250,3230,3220
3249,3229,3219
3249,3229,3218
3248,3228,3218
3248,3227,3217
3247,3227,3217
3247,3226,3216
3247,3226,3215
3246,3225,3215
3246,3225,3214
3245,3224,3214
3245,3223,3213
3244,3223,3212
3244,3222,3212
3243,3222,3211
3243,3221,3211
3242,3220,3210
3242,3220,3209
3241,3219,3209
3241,3219,3208
3240,3218,3208
3240,3217,3207
3239,3217,3206
3239,3216,3206
3238,3216,3205
3238,3215,3205
3237,3214,3204
3237,3214,3203
3236,3213,3203
3236,3213,3202
3235,3212,3202
3235,3211,3201
3235,3211,3200
3234,3210,3200
3234,3210,3199
3233,3209,3199
3233,3208,3198
3232,3208,3197
3232,3207,3197
3231,3207,3196
3231,3206,3196
3230,3205,3195
3230,3205,3194
3229,3204,3194
3229,3204,3193
3228,3203,3193
3228,3202,3192
3227,3202,3191
3227,3201,3191
3226,3201,3190
3226,3200,3190
3225,3199,3189
3225,3199,3188
3224,3198,3188
3224,3198,3187
3223,3197,3186
3223,3196,3186
3222,3196,3185
3222,3195,3185
3221,3195,3184
3221,3194,3183
3220,3193,3183
3220,3193,3182
3219,3192,3182
3219,3192,3181
3218,3191,3180
3218,3190,3180
3217,3190,3179
3217,3189,3178
3216,3189,3178
3216,3188,3177
3215,3187,3177
3215,3187,3176
3215,3186,3175
3214,3186,3175
3214,3185,3174
3213,3184,3174
3213,3184,3173
3212,3183,3172
3212,3183,3172
3211,3182,3171
3211,3181,3170
3210,3181,3170
3210,3180,3169
3209,3180,3169
3209,3179,3168
3208,3178,3167
3208,3178,3167
3207,3177,3166
3207,3177,3165
3206,3176,3165
3206,3175,3164
3205,3175,3164
3205,3174,3163
3204,3174,3162
3204,3173,3162
3203,3172,3161
3203,3172,3160
3202,3171,3160
3202,3171,3159
3201,3170,3158
3201,3169,3158
3200,3169,3157
3200,3168,3157
3199,3168,3156
3199,3167,3155
3198,3166,3155
3198,3166,3154
3197,3165,3153
3197,3164,3153
3196,3164,3152
3195,3163,3152
3195,3163,3151
3194,3162,3150
3194,3161,3150
3193,3161,3149
3193,3160,3148
3192,3160,3148
3192,3159,3147
3191,3158,3146
3191,3158,3146
3190,3157,3145
3190,3157,3145
3189,3156,3144
3189,3155,3143
3188,3155,3143
3188,3154,3142
3187,3153,3141
3187,3153,3141
3186,3152,3140
3186,3152,3139
3185,3151,3139
3185,3150,3138
3184,3150,3137
3184,3149,3137
3183,3149,3136
3183,3148,3135
3182,3147,3135
3182,3147,3134
3181,3146,3134
3181,3145,3133
3180,3145,3132
3180,3144,3132
3179,3144,3131
3179,3143,3130
3178,3142,3130
3178,3142,3129
3177,3141,3128
3176,3140,3128
3176,3140,3127
3175,3139,3126
3175,3139,3126
3174,3138,3125
3174,3137,3124
3173,3137,3124
3173,3136,3123
3172,3136,3122
3172,3135,3122
3171,3134,3121
3171,3134,3120
3170,3133,3120
3170,3132,3119
3169,3132,3118
3169,3131,3118
3168,3131,3117
3168,3130,3117
3167,3129,3116
3167,3129,3115
3166,3128,3115
3165,3127,3114
3165,3127,3113
3164,3126,3113
3164,3126,3112
3163,3125,3111
3163,3124,3111
3162,3124,3110
3162,3123,3109
3161,3122,3109
3161,3122,3108
3160,3121,3107
3160,3120,3107
3159,3120,3106
3159,3119,3105
3158,3119,3105
3157,3118,3104
3157,3117,3103
3156,3117,3103
3156,3116,3102
3155,3115,3101
3155,3115,3101
3154,3114,3100
3154,3114,3099
3153,3113,3098
3153,3112,3098
3152,3112,3097
3152,3111,3096
3151,3110,3096
3150,3110,3095
3150,3109,3094
3149,3109,3094
3149,3108,3093
3148,3107,3092
3148,3107,3092
3147,3106,3091
3147,3105,3090
3146,3105,3090
3146,3104,3089
3145,3103,3088
3144,3103,3088
3144,3102,3087
3143,3102,3086
3143,3101,3086
3142,3100,3085
3142,3100,3084
3141,3099,3084
3141,3098,3083
3140,3098,3082
3140,3097,3082
3139,3096,3081
3138,3096,3080
3138,3095,3080
3137,3095,3079
3137,3094,3078
3136,3093,3077
3136,3093,3077
3135,3092,3076
3135,3091,3075
3134,3091,3075
3133,3090,3074
3133,3089,3073
3132,3089,3073
3132,3088,3072
3131,3087,3071
3131,3087,3071
3130,3086,3070
3130,3086,3069
3129,3085,3069
3128,3084,3068
3128,3084,3067
3127,3083,3066
3127,3082,3066
3126,3082,3065
3126,3081,3064
3125,3080,3064
3125,3080,3063
3124,3079,3062
3123,3078,3062
3123,3078,3061
3122,3077,3060
3122,3077,3060
3121,3076,3059
3121,3075,3058
3120,3075,3057
3119,3074,3057
3119,3073,3056
3118,3073,3055
3118,3072,3055
3117,3071,3054
3117,3071,3053
3116,3070,3053
3115,3069,3052
3115,3069,3051
3114,3068,3051
3114,3068,3050
3113,3067,3049
3113,3066,3048
3112,3066,3048
3112,3065,3047
3111,3064,3046
3110,3064,3046
3110,3063,3045
3109,3062,3044
3109,3062,3044
3108,3061,3043
3108,3060,3042
3107,3060,3041
3106,3059,3041
3106,3058,3040
3105,3058,3039
3105,3057,3039
3104,3057,3038
3103,3056,3037
3103,3055,3037
3102,3055,3036
3102,3054,3035
3101,3053,3034
3101,3053,3034
3100,3052,3033
3099,3051,3032
3099,3051,3032
3098,3050,3031
3098,3049,3030
3097,3049,3030
3097,3048,3029
3096,3047,3028
3095,3047,3027
3095,3046,3027
3094,3046,3026
3094,3045,3025
3093,3044,3025
3092,3044,3024
3092,3043,3023
3091,3042,3022
3091,3042,3022
3090,3041,3021
3090,3040,3020
3089,3040,3020
3088,3039,3019
3088,3038,3018
3087,3038,3018
3087,3037,3017
3086,3036,3016
3085,3036,3015
3085,3035,3015
3084,3034,3014
3084,3034,3013
3083,3033,3013
3082,3032,3012
3082,3032,3011
3081,3031,3010
3081,3031,3010
3080,3030,3009
3079,3029,3008
3079,3029,3008
3078,3028,3007
3078,3027,3006
3077,3027,3005
3076,3026,3005
3076,3025,3004
3075,3025,3003
3075,3024,3003
3074,3023,3002
3073,3023,3001
3073,3022,3000
3072,3021,3000
3072,3021,2999
3071,3020,2998
3070,3019,2998
3070,3019,2997
3069,3018,2996
3069,3017,2995
3068,3017,2995
3067,3016,2994
3067,3016,2993
3066,3015,2993
3066,3014,2992
3065,3014,2991
3064,3013,2990
3064,3012,2990
3063,3012,2989
3063,3011,2988
3062,3010,2988
3061,3010,2987
3061,3009,2986
3060,3008,2985
3060,3008,2985
3059,3007,2984
3058,3006,2983
3058,3006,2983
3057,3005,2982
3057,3004,2981
3056,3004,2980
3055,3003,2980
3055,3002,2979
3054,3002,2978
3053,3001,2978
3053,3000,2977
3052,3000,2976
3052,2999,2975
3051,2998,2975
3050,2998,2974
3050,2997,2973
3049,2996,2973
3049,2996,2972
3048,2995,2971
3047,2995,2970
3047,2994,2970
3046,2993,2969
3045,2993,2968
3045,2992,2968
3044,2991,2967
3044,2991,2966
3043,2990,2965
3042,2989,2965
3042,2989,2964
3041,2988,2963
3040,2987,2962
3040,2987,2962
3039,2986,2961
3039,2985,2960
3038,2985,2960
3037,2984,2959
3037,2983,2958
3036,2983,2957
3035,2982,2957
3035,2981,2956
3034,2981,2955
3034,2980,2954
3033,2979,2954
3032,2979,2953
3032,2978,2952
3031,2977,2952
3030,2977,2951
3030,2976,2950
3029,2975,2949
3028,2975,2949
3028,2974,2948
3027,2973,2947
3027,2973,2946
3026,2972,2946
3025,2971,2945
3025,2971,2944
3024,2970,2943
3023,2969,2943
3023,2969,2942
3022,2968,2941
3021,2967,2940
3021,2967,2940
3020,2966,2939
3019,2965,2938
3019,2965,2938
3018,2964,2937
3018,2963,2936
3017,2963,2935
3016,2962,2935
3016,2961,2934
3015,2961,2933
3014,2960,2932
3014,2959,2932
3013,2958,2931
3012,2958,2930
3012,2957,2929
3011,2956,2929
3010,2956,2928
3010,2955,2927
3009,2954,2926
3008,2954,2926
3008,2953,2925
3007,2952,2924
3006,2952,2923
3006,2951,2922
3005,2950,2922
3004,2950,2921
3004,2949,2920
3003,2948,2919
3002,2948,2919
3002,2947,2918
3001,2946,2917
3000,2945,2916
3000,2945,2916
2999,2944,2915
2998,2943,2914
2998,2943,2913
2997,2942,2913
2996,2941,2912
2996,2941,2911
2995,2940,2910
2994,2939,2909
2994,2939,2909
2993,2938,2908
2992,2937,2907
2992,2936,2906
2991,2936,2906
2990,2935,2905
2990,2934,2904
2989,2934,2903
2988,2933,2902
2988,2932,2902
2987,2932,2901
2986,2931,2900
2986,2930,2899
2985,2929,2899
2984,2929,2898
2983,2928,2897
2983,2927,2896
2982,2927,2895
2981,2926,2895
2981,2925,2894
2980,2924,2893
2979,2924,2892
2979,2923,2891
2978,2922,2891
2977,2922,2890
2977,2921,2889
2976,2920,2888
2975,2919,2887
2974,2919,2887
2974,2918,2886
2973,2917,2885
2972,2917,2884
2972,2916,2883
2971,2915,2883
2970,2914,2882
2969,2914,2881
2969,2913,2880
2968,2912,2879
2967,2912,2879
2967,2911,2878
2966,2910,2877
2965,2909,2876
2964,2909,2875
2964,2908,2874
2963,2907,2874
2962,2906,2873
2962,2906,2872
2961,2905,2871
2960,2904,2870
2959,2903,2869
2959,2903,2869
2958,2902,2868
2957,2901,2867
2957,2901,2866
2956,2900,2865
2955,2899,2864
2954,2898,2864
2954,2898,2863
2953,2897,2862
2952,2896,2861
2951,2895,2860
2951,2895,2859
2950,2894,2859
2949,2893,2858
2949,2892,2857
2948,2892,2856
2947,2891,2855
2946,2890,2854
2946,2889,2854
2945,2889,2853
2944,2888,2852
2943,2887,2851
2943,2886,2850
2942,2886,2849
2941,2885,2848
2940,2884,2848
2940,2883,2847
2939,2882,2846
2938,2882,2845
2937,2881,2844
2937,2880,2843
2936,2879,2842
2935,2879,2841
2934,2878,2841
2934,2877,2840
2933,2876,2839
2932,2876,2838
2931,2875,2837
2930,2874,2836
2930,2873,2835
2929,2872,2834
2928,2872,2833
2927,2871,2833
2927,2870,2832
2926,2869,2831
2925,2868,2830
2924,2868,2829
2924,2867,2828
2923,2866,2827
2922,2865,2826
2921,2865,2825
2920,2864,2825
2920,2863,2824
2919,2862,2823
2918,2861,2822
2917,2861,2821
2917,2860,2820
2916,2859,2819
2915,2858,2818
2914,2857,2817
2913,2857,2816
2913,2856,2815
2912,2855,2815
2911,2854,2814
2910,2853,2813
2909,2853,2812
2909,2852,2811
2908,2851,2810
2907,2850,2809
2906,2849,2808
2905,2848,2807
2905,2848,2806
2904,2847,2805
2903,2846,2804
2902,2845,2803
2901,2844,2802
2901,2844,2801
2900,2843,2801
2899,2842,2800
2898,2841,2799
2897,2840,2798
2897,2839,2797
2896,2839,2796
2895,2838,2795
2894,2837,2794
2893,2836,2793
2892,2835,2792
2892,2834,2791
2891,2834,2790
2890,2833,2789
2889,2832,2788
2888,2831,2787
2888,2830,2786
2887,2829,2785
2886,2829,2784
2885,2828,2783
2884,2827,2782
2883,2826,2781
2883,2825,2781
2882,2824,2780
2881,2824,2779
2880,2823,2778
2879,2822,2777
2878,2821,2776
2878,2820,2775
2877,2819,2774
2876,2819,2773
2875,2818,2772
2874,2817,2771
2873,2816,2770
2873,2815,2769
2872,2814,2768
2871,2813,2767
2870,2813,2766
2869,2812,2765
2868,2811,2764
2868,2810,2763
2867,2809,2762
2866,2808,2761
2865,2807,2760
2864,2807,2759
2863,2806,2758
2862,2805,2757
2862,2804,2756
2861,2803,2755
2860,2802,2754
2859,2801,2753
2858,2801,2752
2857,2800,2751
2857,2799,2750
2856,2798,2749
2855,2797,2748
2854,2796,2747
2853,2795,2746
2852,2794,2745
2851,2794,2744
2850,2793,2743
2850,2792,2742
2849,2791,2741
2848,2790,2740
2847,2789,2739
2846,2788,2738
2845,2788,2737
2844,2787,2736
2844,2786,2735
2843,2785,2734
2842,2784,2733
2841,2783,2732
2840,2782,2731
2839,2781,2730
2838,2781,2729
2837,2780,2728
2837,2779,2727
2836,2778,2726
2835,2777,2725
2834,2776,2723
2833,2775,2722
2832,2774,2721
2831,2773,2720
2830,2773,2719
2830,2772,2718
2829,2771,2717
2828,2770,2716
2827,2769,2715
2826,2768,2714
2825,2767,2713
2824,2766,2712
2823,2765,2711
2823,2765,2710
2822,2764,2709
2821,2763,2708
2820,2762,2707
2819,2761,2706
2818,2760,2705
2817,2759,2704
2816,2758,2703
2815,2757,2702
2815,2757,2701
2814,2756,2700
2813,2755,2699
2812,2754,2697
2811,2753,2696
2810,2752,2695
2809,2751,2694
2808,2750,2693
2807,2749,2692
2806,2749,2691
2806,2748,2690
2805,2747,2689
2804,2746,2688
2803,2745,2687
2802,2744,2686
2801,2743,2685
2800,2742,2684
2799,2741,2683
2798,2740,2682
2797,2740,2681
2797,2739,2680
2796,2738,2678
2795,2737,2677
2794,2736,2676
2793,2735,2675
2792,2734,2674
2791,2733,2673
2790,2732,2672
2789,2731,2671
2788,2731,2670
2788,2730,2669
2787,2729,2668
2786,2728,2667
2785,2727,2666
2784,2726,2665
2783,2725,2664
2782,2724,2662
2781,2723,2661
2780,2722,2660
2779,2721,2659
2778,2721,2658
2777,2720,2657
2777,2719,2656
2776,2718,2655
2775,2717,2654
2774,2716,2653
2773,2715,2652
2772,2714,2651
2771,2713,2650
2770,2712,2648
2769,2711,2647
2768,2711,2646
2767,2710,2645
2766,2709,2644
2766,2708,2643
2765,2707,2642
2764,2706,2641
2763,2705,2640
2762,2704,2639
2761,2703,2638
2760,2702,2637
2759,2701,2635
2758,2701,2634
2757,2700,2633
2756,2699,2632
2755,2698,2631
2754,2697,2630
2754,2696,2629
2753,2695,2628
2752,2694,2627
2751,2693,2626
2750,2692,2625
2749,2691,2623
2748,2691,2622
2747,2690,2621
2746,2689,2620
2745,2688,2619
2744,2687,2618
2743,2686,2617
2742,2685,2616
2741,2684,2615
2741,2683,2614
2740,2682,2613
2739,2681,2611
2738,2681,2610
2737,2680,2609
2736,2679,2608
2735,2678,2607
2734,2677,2606
2733,2676,2605
2732,2675,2604
2731,2674,2603
2730,2673,2602
2729,2672,2600
2728,2671,2599
2727,2671,2598
2727,2670,2597
2726,2669,2596
2725,2668,2595
2724,2667,2594
2723,2666,2593
2722,2665,2592
2721,2664,2591
2720,2663,2590
2719,2662,2588
2718,2661,2587
2717,2661,2586
2716,2660,2585
2715,2659,2584
2714,2658,2583
2713,2657,2582
2712,2656,2581
2711,2655,2580
2711,2654,2579
2710,2653,2577
2709,2652,2576
2708,2651,2575
2707,2650,2574
2706,2650,2573
2705,2649,2572
2704,2648,2571
2703,2647,2570
2702,2646,2569
2701,2645,2567
2700,2644,2566
2699,2643,2565
2698,2642,2564
2697,2641,2563
2696,2640,2562
2695,2639,2561
2694,2639,2560
2694,2638,2559
2693,2637,2558
2692,2636,2556
2691,2635,2555
2690,2634,2554
2689,2633,2553
2688,2632,2552
2687,2631,2551
2686,2630,2550
2685,2629,2549
2684,2629,2548
2683,2628,2547
2682,2627,2545
2681,2626,2544
2680,2625,2543
2679,2624,2542
2678,2623,2541
2677,2622,2540
2676,2621,2539
2675,2620,2538
2675,2619,2537
2674,2618,2535
2673,2618,2534
2672,2617,2533
2671,2616,2532
2670,2615,2531
2669,2614,2530
2668,2613,2529
2667,2612,2528
2666,2611,2527
2665,2610,2526
2664,2609,2524
2663,2608,2523
2662,2607,2522
2661,2607,2521
2660,2606,2520
2659,2605,2519
2658,2604,2518
2657,2603,2517
2656,2602,2516
2655,2601,2515
2654,2600,2513
2654,2599,2512
2653,2598,2511
2652,2597,2510
2651,2596,2509
2650,2596,2508
2649,2595,2507
2648,2594,2506
2647,2593,2505
2646,2592,2504
2645,2591,2502
2644,2590,2501
2643,2589,2500
2642,2588,2499
2641,2587,2498
2640,2586,2497
2639,2585,2496
2638,2585,2495
2637,2584,2494
2636,2583,2493
2635,2582,2491
2634,2581,2490
2633,2580,2489
2632,2579,2488
2631,2578,2487
2631,2577,2486
2630,2576,2485
2629,2575,2484
2628,2574,2483
2627,2573,2482
2626,2573,2480
2625,2572,2479
2624,2571,2478
2623,2570,2477
2622,2569,2476
2621,2568,2475
2620,2567,2474
2619,2566,2473
2618,2565,2472
2617,2564,2471
2616,2563,2470
2615,2562,2468
2614,2562,2467
2613,2561,2466
2612,2560,2465
2611,2559,2464
2610,2558,2463
2609,2557,2462
2608,2556,2461
2607,2555,2460
2606,2554,2459
2606,2553,2458
2605,2552,2457
2604,2551,2455
2603,2550,2454
2602,2550,2453
2601,2549,2452
2600,2548,2451
2599,2547,2450
2598,2546,2449
2597,2545,2448
2596,2544,2447
2595,2543,2446
2594,2542,2445
2593,2541,2444
2592,2540,2442
2591,2539,2441
2590,2538,2440
2589,2538,2439
2588,2537,2438
2587,2536,2437
2586,2535,2436
2585,2534,2435
2584,2533,2434
2583,2532,2433
2582,2531,2432
2581,2530,2431
2580,2529,2430
2579,2528,2428
2578,2527,2427
2578,2526,2426
2577,2526,2425
2576,2525,2424
2575,2524,2423
2574,2523,2422
2573,2522,2421
2572,2521,2420
2571,2520,2419
2570,2519,2418
2569,2518,2417
2568,2517,2416
2567,2516,2415
2566,2515,2414
2565,2514,2412
2564,2514,2411
2563,2513,2410
2562,2512,2409
2561,2511,2408
2560,2510,2407
2559,2509,2406
2558,2508,2405
2557,2507,2404
2556,2506,2403
2555,2505,2402
2554,2504,2401
2553,2503,2400
2552,2502,2399
2551,2501,2398
2551,2501,2397
2550,2500,2396
2549,2499,2395
2548,2498,2393
2547,2497,2392
2546,2496,2391
2545,2495,2390
2544,2494,2389
2543,2493,2388
2542,2492,2387
2541,2491,2386
2540,2490,2385
2539,2489,2384
2538,2488,2383
2537,2488,2382
2536,2487,2381
2535,2486,2380
2534,2485,2379
2533,2484,2378
2532,2483,2377
2531,2482,2376
2530,2481,2375
2529,2480,2374
2528,2479,2373
2527,2478,2372
2526,2477,2371
2525,2476,2369
2524,2475,2368
2523,2475,2367
2523,2474,2366
2522,2473,2365
2521,2472,2364
2520,2471,2363
2519,2470,2362
2518,2469,2361
2517,2468,2360
2516,2467,2359
2515,2466,2358
2514,2465,2357
2513,2464,2356
2512,2463,2355
2511,2462,2354
2510,2461,2353
2509,2461,2352
2508,2460,2351
2507,2459,2350
2506,2458,2349
2505,2457,2348
2504,2456,2347
2503,2455,2346
2502,2454,2345
2501,2453,2344
2500,2452,2343
2499,2451,2342
2498,2450,2341
2497,2449,2340
2496,2448,2339
2495,2447,2338
2494,2447,2337
2493,2446,2336
2493,2445,2335
2492,2444,2334
2491,2443,2333
2490,2442,2332
2489,2441,2331
2488,2440,2330
2487,2439,2329
2486,2438,2328
2485,2437,2327
2484,2436,2326
2483,2435,2325
2482,2434,2324
2481,2433,2323
2480,2432,2322
2479,2432,2321
2478,2431,2320
2477,2430,2319
2476,2429,2318
2475,2428,2317
2474,2427,2316
2473,2426,2314
2472,2425,2313
2471,2424,2312
2470,2423,2311
2469,2422,2310
2468,2421,2309
2467,2420,2308
2466,2419,2307
2465,2418,2306
2464,2417,2305
2463,2416,2304
2462,2416,2303
2461,2415,2302
2461,2414,2301
2460,2413,2301
2459,2412,2300
2458,2411,2299
2457,2410,2298
2456,2409,2297
2455,2408,2296
2454,2407,2295
2453,2406,2294
2452,2405,2293
2451,2404,2292
2450,2403,2291
2449,2402,2290
2448,2401,2289
2447,2400,2288
2446,2399,2287
2445,2399,2286
2444,2398,2285
2443,2397,2284
2442,2396,2283
2441,2395,2282
2440,2394,2281
2439,2393,2280
2438,2392,2279
2437,2391,2278
2436,2390,2277
2435,2389,2276
2434,2388,2275
2433,2387,2274
2432,2386,2273
2431,2385,2272
2430,2384,2271
2429,2383,2270
2428,2382,2269
2427,2381,2268
2426,2380,2267
2425,2380,2266
2424,2379,2265
2423,2378,2264
2422,2377,2263
2421,2376,2262
2420,2375,2261
2419,2374,2260
2419,2373,2259
2418,2372,2258
2417,2371,2257
2416,2370,2256
2415,2369,2255
2414,2368,2254
2413,2367,2253
2412,2366,2252
2411,2365,2251
2410,2364,2250
2409,2363,2249
2408,2362,2248
2407,2361,2247
2406,2360,2246
2405,2359,2245
2404,2358,2244
2403,2358,2243
2402,2357,2242
2401,2356,2241
2400,2355,2241
2399,2354,2240
2398,2353,2239
2397,2352,2238
2396,2351,2237
2395,2350,2236
2394,2349,2235
2393,2348,2234
2392,2347,2233
2391,2346,2232
2390,2345,2231
2389,2344,2230
2388,2343,2229
2387,2342,2228
2386,2341,2227
2385,2340,2226
2384,2339,2225
2383,2338,2224
2382,2337,2223
2381,2336,2222
2380,2335,2221
2379,2334,2220
2378,2333,2219
2377,2332,2218
2376,2331,2217
2375,2330,2216
2374,2330,2215
2373,2329,2214
2372,2328,2213
2371,2327,2212
2370,2326,2212
2369,2325,2211
2368,2324,2210
2367,2323,2209
2366,2322,2208
2365,2321,2207
2364,2320,2206
2363,2319,2205
2362,2318,2204
2361,2317,2203
2360,2316,2202
2359,2315,2201
2358,2314,2200
2357,2313,2199
2356,2312,2198
2355,2311,2197
2354,2310,2196
2353,2309,2195
2352,2308,2194
2351,2307,2193
2350,2306,2192
2349,2305,2191
2348,2304,2190
2347,2303,2189
2346,2302,2188
2345,2301,2188
2344,2300,2187
2343,2299,2186
2342,2298,2185
2341,2297,2184
2340,2296,2183
2339,2295,2182
2338,2294,2181
2337,2293,2180
2336,2292,2179
2335,2291,2178
2334,2290,2177
2333,2289,2176
2332,2288,2175
2331,2287,2174
2330,2286,2173
2329,2285,2172
2328,2285,2171
2327,2284,2170
2326,2283,2169
2325,2282,2168
2324,2281,2168
2323,2280,2167
2322,2279,2166
2321,2278,2165
2320,2277,2164
2319,2276,2163
2318,2275,2162
2317,2274,2161
2316,2273,2160
2315,2272,2159
2314,2271,2158
2313,2270,2157
2312,2269,2156
2311,2268,2155
2310,2267,2154
2309,2266,2153
2308,2265,2152
2307,2264,2151
2306,2263,2150
2305,2262,2149
2304,2261,2149
2303,2260,2148
2302,2259,2147
2301,2258,2146
2300,2257,2145
2299,2256,2144
2298,2255,2143
2297,2254,2142
2296,2253,2141
2295,2252,2140
2293,2251,2139
2292,2250,2138
2291,2249,2137
2290,2248,2136
2289,2247,2135
2288,2246,2134
2287,2245,2133
2286,2244,2133
2285,2243,2132
2284,2242,2131
2283,2241,2130
2282,2240,2129
2281,2239,2128
2280,2238,2127
2279,2237,2126
2278,2236,2125
2277,2235,2124
2276,2234,2123
2275,2233,2122
2274,2232,2121
2273,2231,2120
2272,2230,2119
2271,2229,2118
2270,2228,2117
2269,2227,2117
2268,2226,2116
2267,2225,2115
2266,2224,2114
2265,2223,2113
2264,2222,2112
2263,2221,2111
2262,2220,2110
2261,2219,2109
2260,2218,2108
2259,2217,2107
2258,2216,2106
2257,2215,2105
2256,2214,2104
2255,2213,2103
2253,2212,2103
2252,2211,2102
2251,2210,2101
2250,2209,2100
2249,2208,2099
2248,2207,2098
2247,2206,2097
2246,2205,2096
2245,2204,2095
2244,2203,2094
2243,2202,2093
2242,2201,2092
2241,2200,2091
2240,2199,2090
2239,2198,2090
2238,2197,2089
2237,2196,2088
2236,2195,2087
2235,2194,2086
2234,2193,2085
2233,2192,2084
2232,2191,2083
2231,2190,2082
2230,2189,2081
2229,2188,2080
2228,2187,2079
2227,2186,2078
2226,2185,2078
2224,2184,2077
2223,2183,2076
2222,2182,2075
2221,2181,2074
2220,2180,2073
2219,2179,2072
2218,2178,2071
2217,2177,2070
2216,2176,2069
2215,2175,2068
2214,2174,2067
2213,2173,2066
2212,2172,2066
2211,2171,2065
2210,2170,2064
2209,2169,2063
2208,2168,2062
2207,2167,2061
2206,2166,2060
2205,2165,2059
2204,2164,2058
2203,2163,2057
2202,2162,2056
2201,2161,2055
2200,2160,2055
2198,2159,2054
2197,2158,2053
2196,2157,2052
2195,2156,2051
2194,2155,2050
2193,2154,2049
2192,2153,2048
2191,2152,2047
2190,2151,2046
2189,2149,2045
2188,2148,2045
2187,2147,2044
2186,2146,2043
2185,2145,2042
2184,2144,2041
2183,2143,2040
2182,2142,2039
2181,2141,2038
2180,2140,2037
2179,2139,2036
2178,2138,2035
2176,2137,2035
2175,2136,2034
2174,2135,2033
2173,2134,2032
2172,2133,2031
2171,2132,2030
2170,2131,2029
2169,2130,2028
2168,2129,2027
2167,2128,2026
2166,2127,2025
2165,2126,2025
2164,2125,2024
2163,2124,2023
2162,2123,2022
2161,2122,2021
2160,2121,2020
2159,2120,2019
2158,2119,2018
2157,2118,2017
2155,2117,2016
2154,2116,2016
2153,2115,2015
2152,2114,2014
2151,2113,2013
2150,2112,2012
2149,2111,2011
2148,2110,2010
2147,2109,2009
2146,2108,2008
2145,2107,2008
2144,2106,2007
2143,2105,2006
2142,2104,2005
2141,2103,2004
2140,2102,2003
2139,2101,2002
2138,2100,2001
2136,2099,2000
2135,2098,1999
2134,2097,1999
2133,2096,1998
2132,2095,1997
2131,2094,1996
2130,2093,1995
2129,2092,1994
2128,2091,1993
2127,2090,1992
2126,2089,1991
2125,2088,1991
2124,2087,1990
2123,2086,1989
2122,2085,1988
2121,2084,1987
2120,2083,1986
2118,2082,1985
2117,2081,1984
2116,2080,1983
2115,2079,1983
2114,2078,1982
2113,2077,1981
2112,2076,1980
2111,2075,1979
2110,2074,1978
2109,2073,1977
2108,2072,1976
2107,2071,1976
2106,2070,1975
2105,2069,1974
2104,2068,1973
2103,2067,1972
2101,2066,1971
2100,2065,1970
2099,2064,1969
2098,2063,1968
2097,2062,1968
2096,2061,1967
2095,2060,1966
2094,2059,1965
2093,2058,1964
2092,2057,1963
2091,2056,1962
2090,2055,1961
2089,2054,1960
2088,2053,1960
2087,2052,1959
2085,2051,1958
2084,2050,1957
2083,2049,1956
2082,2048,1955
2081,2047,1954
2080,2046,1953
2079,2045,1952
2078,2044,1952
2077,2043,1951
2076,2042,1950
2075,2041,1949
2074,2040,1948
2073,2039,1947
2071,2038,1946
2070,2037,1945
2069,2036,1945
2068,2035,1944
2067,2034,1943
2066,2033,1942
2065,2032,1941
2064,2031,1940
2063,2030,1939
2062,2029,1938
2061,2028,1937
2060,2027,1936
2059,2026,1936
2057,2025,1935
2056,2024,1934
2055,2023,1933
2054,2022,1932
2053,2021,1931
2052,2020,1930
2051,2019,1929
2050,2018,1928
2049,2017,1928
2048,2016,1927
2047,2015,1926
2046,2014,1925
2044,2013,1924
2043,2012,1923
2042,2011,1922
2041,2010,1921
2040,2009,1920
2039,2008,1920
2038,2007,1919
2037,2006,1918
2036,2005,1917
2035,2004,1916
2034,2003,1915
2032,2002,1914
2031,2001,1913
2030,2000,1912
2029,1999,1911
2028,1998,1911
2027,1997,1910
2026,1996,1909
2025,1995,1908
2024,1994,1907
2023,1993,1906
2022,1992,1905
2020,1991,1904
2019,1990,1903
2018,1989,1902
2017,1988,1901
2016,1987,1901
2015,1986,1900
2014,1985,1899
2013,1984,1898
2012,1983,1897
2011,1982,1896
2009,1981,1895
2008,1980,1894
2007,1979,1893
2006,1978,1892
2005,1977,1891
2004,1976,1890
2003,1975,1890
2002,1974,1889
2001,1973,1888
1999,1972,1887
1998,1971,1886
1997,1970,1885
1996,1969,1884
1995,1968,1883
1994,1967,1882
1993,1966,1881
1992,1965,1880
1991,1963,1879
1989,1962,1879
1988,1961,1878
1987,1960,1877
1986,1959,1876
1985,1958,1875
1984,1957,1874
1983,1956,1873
1982,1955,1872
1981,1954,1871
1979,1953,1870
1978,1952,1869
1977,1951,1868
1976,1950,1867
1975,1949,1866
1974,1948,1865
1973,1947,1864
1972,1946,1864
1970,1945,1863
1969,1944,1862
1968,1943,1861
1967,1942,1860
1966,1941,1859
1965,1940,1858
1964,1939,1857
1963,1938,1856
1961,1937,1855
1960,1936,1854
1959,1935,1853
1958,1934,1852
1957,1933,1851
1956,1932,1850
1955,1931,1849
1953,1930,1848
1952,1929,1847
1951,1927,1846
1950,1926,1845
1949,1925,1844
1948,1924,1844
1947,1923,1843
1946,1922,1842
1944,1921,1841
1943,1920,1840
1942,1919,1839
1941,1918,1838
1940,1917,1837
1939,1916,1836
1938,1915,1835
1936,1914,1834
1935,1913,1833
1934,1912,1832
1933,1911,1831
1932,1910,1830
1931,1909,1829
1929,1908,1828
1928,1907,1827
1927,1906,1826
1926,1905,1825
1925,1904,1824
1924,1902,1823
1923,1901,1822
1921,1900,1821
1920,1899,1820
1919,1898,1819
1918,1897,1818
1917,1896,1817
1916,1895,1816
1914,1894,1815
1913,1893,1814
1912,1892,1813
1911,1891,1812
1910,1890,1811
1909,1889,1810
1907,1888,1809
1906,1887,1808
1905,1886,1807
1904,1885,1806
1903,1883,1805
1902,1882,1804
1900,1881,1803
1899,1880,1802
1898,1879,1801
1897,1878,1800
1896,1877,1799
1895,1876,1798
1893,1875,1797
1892,1874,1796
1891,1873,1795
1890,1872,1794
1889,1871,1793
1887,1870,1792
1886,1869,1791
1885,1868,1790
1884,1866,1789
1883,1865,1787
1882,1864,1786
1880,1863,1785
1879,1862,1784
1878,1861,1783
1877,1860,1782
1876,1859,1781
1874,1858,1780
1873,1857,1779
1872,1856,1778
1871,1855,1777
1870,1854,1776
1869,1852,1775
1867,1851,1774
1866,1850,1773
1865,1849,1772
1864,1848,1771
1863,1847,1770
1861,1846,1769
1860,1845,1767
1859,1844,1766
1858,1843,1765
1857,1842,1764
1855,1841,1763
1854,1839,1762
1853,1838,1761
1852,1837,1760
1851,1836,1759
1849,1835,1758
1848,1834,1757
1847,1833,1756
1846,1832,1755
1845,1831,1753
1843,1830,1752
1842,1829,1751
1841,1827,1750
1840,1826,1749
1839,1825,1748
1837,1824,1747
1836,1823,1746
1835,1822,1745
1834,1821,1744
1833,1820,1743
1831,1819,1741
1830,1818,1740
1829,1816,1739
1828,1815,1738
1826,1814,1737
1825,1813,1736
1824,1812,1735
1823,1811,1734
1822,1810,1733
1820,1809,1731
1819,1808,1730
1818,1806,1729
1817,1805,1728
1816,1804,1727
1814,1803,1726
1813,1802,1725
1812,1801,1724
1811,1800,1722
1809,1799,1721
1808,1798,1720
1807,1796,1719
1806,1795,1718
1805,1794,1717
1803,1793,1716
1802,1792,1715
1801,1791,1713
1800,1790,1712
1798,1789,1711
1797,1787,1710
1796,1786,1709
1795,1785,1708
1794,1784,1707
1792,1783,1705
1791,1782,1704
1790,1781,1703
1789,1780,1702
1787,1778,1701
1786,1777,1700
1785,1776,1698
1784,1775,1697
1782,1774,1696
1781,1773,1695
1780,1772,1694
1779,1771,1693
1778,1769,1691
1776,1768,1690
1775,1767,1689
1774,1766,1688
1773,1765,1687
1771,1764,1686
1770,1763,1684
1769,1761,1683
1768,1760,1682
1766,1759,1681
1765,1758,1680
1764,1757,1678
1763,1756,1677
1761,1755,1676
1760,1753,1675
1759,1752,1674
1758,1751,1673
1757,1750,1671
1755,1749,1670
1754,1748,1669
1753,1746,1668
1752,1745,1667
1750,1744,1665
1749,1743,1664
1748,1742,1663
1747,1741,1662
1745,1740,1660
1744,1738,1659
1743,1737,1658
1742,1736,1657
1740,1735,1656
1739,1734,1654
1738,1733,1653
1737,1731,1652
1735,1730,1651
1734,1729,1650
1733,1728,1648
1732,1727,1647
1730,1726,1646
1729,1724,1645
1728,1723,1643
1727,1722,1642
1725,1721,1641
1724,1720,1640
1723,1718,1638
1722,1717,1637
1720,1716,1636
1719,1715,1635
1718,1714,1633
1717,1713,1632
1715,1711,1631
1714,1710,1630
1713,1709,1628
1712,1708,1627
1710,1707,1626
1709,1705,1625
1708,1704,1623
1707,1703,1622
1705,1702,1621
1704,1701,1620
1703,1700,1618
1702,1698,1617
1700,1697,1616
1699,1696,1615
1698,1695,1613
1697,1694,1612
1695,1692,1611
1694,1691,1609
1693,1690,1608
1692,1689,1607
1690,1688,1606
1689,1686,1604
1688,1685,1603
1687,1684,1602
1685,1683,1600
1684,1682,1599
1683,1680,1598
1682,1679,1597
1680,1678,1595
1679,1677,1594
1678,1675,1593
1677,1674,1591
1675,1673,1590
1674,1672,1589
1673,1671,1587
1672,1669,1586
1670,1668,1585
1669,1667,1584
1668,1666,1582
1667,1664,1581
1665,1663,1580
1664,1662,1578
1663,1661,1577
1662,1660,1576
1660,1658,1574
1659,1657,1573
1658,1656,1572
1656,1655,1570
1655,1653,1569
1654,1652,1568
1653,1651,1566
1651,1650,1565
1650,1649,1564
1649,1647,1562
1648,1646,1561
1646,1645,1560
1645,1644,1558
1644,1642,1557
1643,1641,1556
1641,1640,1554
1640,1639,1553
1639,1637,1552
1638,1636,1550
1636,1635,1549
1635,1634,1547
1634,1632,1546
1633,1631,1545
1631,1630,1543
1630,1629,1542
1629,1627,1541
1628,1626,1539
1626,1625,1538
1625,1624,1537
1624,1622,1535
1623,1621,1534
1621,1620,1532
1620,1619,1531
1619,1617,1530
1618,1616,1528
1616,1615,1527
1615,1614,1526
1614,1612,1524
1612,1611,1523
1611,1610,1521
1610,1609,1520
1609,1607,1519
1607,1606,1517
1606,1605,1516
1605,1604,1515
1604,1602,1513
1602,1601,1512
1601,1600,1510
1600,1599,1509
1599,1597,1508
1597,1596,1506
1596,1595,1505
1595,1593,1503
1594,1592,1502
1593,1591,1501
1591,1590,1499
1590,1588,1498
1589,1587,1496
1588,1586,1495
1586,1585,1494
1585,1583,1492
1584,1582,1491
1583,1581,1489
1581,1579,1488
1580,1578,1487
1579,1577,1485
1578,1576,1484
1576,1574,1482
1575,1573,1481
1574,1572,1480
1573,1571,1478
1571,1569,1477
1570,1568,1475
1569,1567,1474
1568,1565,1473
1566,1564,1471
1565,1563,1470
1564,1562,1468
1563,1560,1467
1562,1559,1466
1560,1558,1464
1559,1557,1463
1558,1555,1461
1557,1554,1460
1555,1553,1458
1554,1551,1457
1553,1550,1456
1552,1549,1454
1550,1548,1453
1549,1546,1451
1548,1545,1450
1547,1544,1449
1546,1542,1447
1544,1541,1446
1543,1540,1444
1542,1539,1443
1541,1537,1441
1540,1536,1440
1538,1535,1439
1537,1533,1437
1536,1532,1436
1535,1531,1434
1533,1530,1433
1532,1528,1431
1531,1527,1430
1530,1526,1429
1529,1524,1427
1527,1523,1426
1526,1522,1424
1525,1521,1423
1524,1519,1421
1523,1518,1420
1521,1517,1419
1520,1515,1417
1519,1514,1416
1518,1513,1414
1517,1512,1413
1515,1510,1411
1514,1509,1410
1513,1508,1409
1512,1506,1407
1511,1505,1406
1509,1504,1404
1508,1503,1403
1507,1501,1401
1506,1500,1400
1505,1499,1399
1504,1497,1397
1502,1496,1396
1501,1495,1394
1500,1494,1393
1499,1492,1391
1498,1491,1390
1496,1490,1389
1495,1488,1387
1494,1487,1386
1493,1486,1384
1492,1485,1383
1491,1483,1381
1489,1482,1380
1488,1481,1379
1487,1479,1377
1486,1478,1376
1485,1477,1374
1484,1476,1373
1482,1474,1371
1481,1473,1370
1480,1472,1369
1479,1470,1367
1478,1469,1366
1477,1468,1364
1476,1467,1363
1474,1465,1361
1473,1464,1360
1472,1463,1359
1471,1461,1357
1470,1460,1356
1469,1459,1354
1468,1458,1353
1466,1456,1351
1465,1455,1350
1464,1454,1349
1463,1452,1347
1462,1451,1346
1461,1450,1344
1460,1449,1343
1458,1447,1342
1457,1446,1340
1456,1445,1339
1455,1443,1337
1454,1442,1336
1453,1441,1334
1452,1440,1333
1451,1438,1332
1450,1437,1330
1448,1436,1329
1447,1435,1327
1446,1433,1326
1445,1432,1324
1444,1431,1323
1443,1429,1322
1442,1428,1320
1441,1427,1319
1440,1426,1317
1439,1424,1316
1437,1423,1315
1436,1422,1313
1435,1421,1312
1434,1419,1310
1433,1418,1309
1432,1417,1308
1431,1415,1306
1430,1414,1305
1429,1413,1303
1428,1412,1302
1427,1410,1301
1426,1409,1299
1424,1408,1298
1423,1407,1296
1422,1405,1295
1421,1404,1294
1420,1403,1292
1419,1402,1291
1418,1400,1289
1417,1399,1288
1416,1398,1287
1415,1396,1285
1414,1395,1284
1413,1394,1282
1412,1393,1281
1411,1391,1280
1410,1390,1278
1409,1389,1277
1408,1388,1275
1407,1386,1274
1406,1385,1273
1404,1384,1271
1403,1383,1270
1402,1381,1268
1401,1380,1267
1400,1379,1266
1399,1378,1264
1398,1376,1263
1397,1375,1262
1396,1374,1260
1395,1373,1259
1394,1371,1257
1393,1370,1256
1392,1369,1255
1391,1368,1253
1390,1366,1252
1389,1365,1250
1388,1364,1249
1387,1363,1248
1386,1361,1246
1385,1360,1245
1384,1359,1244
1383,1358,1242
1382,1356,1241
1381,1355,1239
1380,1354,1238
1379,1353,1237
1378,1351,1235
1377,1350,1234
1376,1349,1233
1375,1348,1231
1374,1346,1230
1373,1345,1229
1372,1344,1227
1371,1343,1226
1370,1341,1224
1369,1340,1223
1368,1339,1222
1367,1338,1220
1366,1336,1219
1365,1335,1218
1364,1334,1216
1363,1333,1215
1362,1331,1214
1361,1330,1212
1360,1329,1211
1359,1328,1209
1358,1327,1208
1357,1325,1207
1356,1324,1205
1355,1323,1204
1354,1322,1203
1353,1320,1201
1352,1319,1200
1351,1318,1199
1350,1317,1197
1349,1315,1196
1348,1314,1195
1348,1313,1193
1347,1312,1192
1346,1310,1190
1345,1309,1189
1344,1308,1188
1343,1307,1186
1342,1306,1185
1341,1304,1184
1340,1303,1182
1339,1302,1181
1338,1301,1180
1337,1299,1178
1336,1298,1177
1335,1297,1176
1334,1296,1174
1333,1294,1173
1332,1293,1172
1331,1292,1170
1330,1291,1169
1329,1290,1168
1328,1288,1166
1327,1287,1165
1326,1286,1164
1325,1285,1162
1324,1283,1161
1323,1282,1159
1322,1281,1158
1321,1280,1157
1320,1278,1155
1319,1277,1154
1318,1276,1153
1318,1275,1151
1317,1274,1150
1316,1272,1149
1315,1271,1147
1314,1270,1146
1313,1269,1145
1312,1267,1143
1311,1266,1142
1310,1265,1141
1309,1264,1139
1308,1263,1138
1307,1261,1137
1306,1260,1135
1305,1259,1134
1304,1258,1133
1303,1256,1131
1302,1255,1130
1301,1254,1129
1300,1253,1127
1299,1251,1126
1298,1250,1125
1297,1249,1123
1296,1248,1122
1295,1247,1121
1294,1245,1119
1293,1244,1118
1292,1243,1117
1291,1242,1115
1290,1240,1114
1290,1239,1113
1289,1238,1111
1288,1237,1110
1287,1236,1109
1286,1234,1107
1285,1233,1106
1284,1232,1105
1283,1231,1103
1282,1229,1102
1281,1228,1101
1280,1227,1099
1279,1226,1098
1278,1225,1097
1277,1223,1095
1276,1222,1094
1275,1221,1093
1274,1220,1091
1273,1218,1090
1272,1217,1089
1271,1216,1087
1270,1215,1086
1269,1214,1085
1268,1212,1084
1267,1211,1082
1266,1210,1081
1265,1209,1080
1264,1207,1078
1263,1206,1077
1262,1205,1076
1261,1204,1074
1260,1203,1073
1259,1201,1072
1258,1200,1070
1257,1199,1069
1256,1198,1068
1255,1196,1066
1254,1195,1065
1253,1194,1064
1252,1193,1062
1251,1192,1061
1250,1190,1060
1249,1189,1058
1248,1188,1057
1247,1187,1056
1246,1185,1054
1245,1184,1053
1244,1183,1052
1243,1182,1050
1242,1181,1049
1241,1179,1048
1240,1178,1046
1239,1177,1045
1238,1176,1044
1237,1174,1042
1236,1173,1041
1235,1172,1040
1234,1171,1038
1233,1170,1037
1232,1168,1036
1231,1167,1035
1230,1166,1033
1229,1165,1032
1228,1163,1031
1227,1162,1029
1226,1161,1028
1225,1160,1027
1224,1158,1025
1222,1157,1024
1221,1156,1023
1220,1155,1021
1219,1154,1020
1218,1152,1019
1217,1151,1017
1216,1150,1016
1215,1149,1015
1214,1147,1013
1213,1146,1012
1212,1145,1011
1211,1144,1009
1210,1143,1008
1209,1141,1007
1208,1140,1005
1207,1139,1004
1206,1138,1003
1204,1136,1001
1203,1135,1000
1202,1134,999
1201,1133,997
1200,1131,996
1199,1130,995
1198,1129,994
1197,1128,992
1196,1127,991
1195,1125,990
1194,1124,988
1193,1123,987
1191,1122,986
1190,1120,984
1189,1119,983
1188,1118,982
1187,1117,980
1186,1115,979
1185,1114,978
1184,1113,976
1183,1112,975
1182,1111,974
1180,1109,972
1179,1108,971
1178,1107,970
1177,1106,968
1176,1104,967
1175,1103,966
1174,1102,964
1173,1101,963
1172,1099,962
1170,1098,960
1169,1097,959
1168,1096,958
1167,1094,957
1166,1093,955
1165,1092,954
1164,1091,953
1163,1090,951
1161,1088,950
1160,1087,949
1159,1086,947
1158,1085,946
1157,1083,945
1156,1082,943
1155,1081,942
1153,1080,941
1152,1078,939
1151,1077,938
1150,1076,937
1149,1075,935
1148,1073,934
1147,1072,933
1145,1071,931
1144,1070,930
1143,1068,929
1142,1067,928
1141,1066,926
1140,1065,925
1138,1063,924
1137,1062,922
1136,1061,921
1135,1060,920
1134,1058,918
1133,1057,917
1131,1056,916
1130,1055,914
1129,1054,913
1128,1052,912
1127,1051,910
1126,1050,909
1124,1049,908
1123,1047,906
1122,1046,905
1121,1045,904
1120,1044,903
1118,1042,901
1117,1041,900
1116,1040,899
1115,1039,897
1114,1037,896
1112,1036,895
1111,1035,893
1110,1034,892
1109,1032,891
1108,1031,889
1107,1030,888
1105,1029,887
1104,1027,885
1103,1026,884
1102,1025,883
1100,1024,882
1099,1022,880
1098,1021,879
1097,1020,878
1096,1019,876
1094,1017,875
1093,1016,874
1092,1015,872
1091,1014,871
1090,1012,870
1088,1011,868
1087,1010,867
1086,1008,866
1085,1007,864
1083,1006,863
1082,1005,862
1081,1003,861
1080,1002,859
1079,1001,858
1077,1000,857
1076,998,855
1075,997,854
1074,996,853
1072,995,851
1071,993,850
1070,992,849
1069,991,848
1067,990,846
1066,988,845
1065,987,844
1064,986,842
1062,985,841
1061,983,840
1060,982,838
1059,981,837
1057,979,836
1056,978,835
1055,977,833
1054,976,832
1052,974,831
1051,973,829
1050,972,828
1049,971,827
1047,969,825
1046,968,824
1045,967,823
1043,966,822
1042,964,820
1041,963,819
1040,962,818
1038,960,816
1037,959,815
1036,958,814
1035,957,812
1033,955,811
1032,954,810
1031,953,809
1029,952,807
1028,950,806
1027,949,805
1026,948,803
1024,946,802
1023,945,801
1022,944,800
1020,943,798
1019,941,797
1018,940,796
1017,939,794
1015,937,793
1014,936,792
1013,935,791
1011,934,789
1010,932,788
1009,931,787
1008,930,785
1006,929,784
1005,927,783
1004,926,782
1002,925,780
1001,923,779
1000,922,778
998,921,776
997,920,775
996,918,774
994,917,773
993,916,771
992,914,770
991,913,769
989,912,767
988,911,766
987,909,765
985,908,764
984,907,762
983,905,761
981,904,760
980,903,759
979,901,757
977,900,756
976,899,755
975,898,753
973,896,752
972,895,751
971,894,750
969,892,748
968,891,747
967,890,746
965,889,745
964,887,743
963,886,742
961,885,741
960,883,739
959,882,738
957,881,737
956,879,736
955,878,734
953,877,733
952,876,732
951,874,731
949,873,729
948,872,728
947,870,727
945,869,726
944,868,724
943,866,723
941,865,722
940,864,720
939,863,719
937,861,718
936,860,717
934,859,715
933,857,714
932,856,713
930,855,712
929,853,710
928,852,709
926,851,708
925,849,707
924,848,705
922,847,704
921,846,703
920,844,702
918,843,700
917,842,699
915,840,698
914,839,697
913,838,695
911,836,694
910,835,693
909,834,692
907,832,690
906,831,689
905,830,688
903,828,687
902,827,685
900,826,684
899,825,683
898,823,682
896,822,680
895,821,679
894,819,678
892,818,677
891,817,675
889,815,674
888,814,673
887,813,672
885,811,670
884,810,669
883,809,668
881,808,667
880,806,665
878,805,664
877,804,663
876,802,662
874,801,660
873,800,659
872,798,658
870,797,657
869,796,656
867,794,654
866,793,653
865,792,652
863,790,651
862,789,649
861,788,648
859,787,647
858,785,646
856,784,644
855,783,643
854,781,642
852,780,641
851,779,639
849,777,638
848,776,637
847,775,636
845,773,635
844,772,633
843,771,632
841,769,631
840,768,630
838,767,628
837,766,627
836,764,626
834,763,625
833,762,624
831,760,622
830,759,621
829,758,620
827,756,619
826,755,617
825,754,616
823,752,615
822,751,614
820,750,613
819,749,611
818,747,610
816,746,609
815,745,608
813,743,606
812,742,605
811,741,604
809,739,603
808,738,602
807,737,600
805,735,599
804,734,598
802,733,597
801,732,596
800,730,594
798,729,593
797,728,592
796,726,591
794,725,589
793,724,588
791,722,587
790,721,586
789,720,585
787,719,583
786,717,582
784,716,581
783,715,580
782,713,579
780,712,577
779,711,576
778,709,575
776,708,574
775,707,573
773,706,571
772,704,570
771,703,569
769,702,568
768,700,567
767,699,565
765,698,564
764,696,563
762,695,562
761,694,561
760,693,559
758,691,558
757,690,557
756,689,556
754,687,555
753,686,553
751,685,552
750,684,551
749,682,550
747,681,549
746,680,547
745,678,546
743,677,545
742,676,544
741,675,543
739,673,541
738,672,540
736,671,539
735,669,538
734,668,537
732,667,535
731,666,534
730,664,533
728,663,532
727,662,531
726,661,530
724,659,528
723,658,527
721,657,526
720,655,525
719,654,524
717,653,522
716,652,521
715,650,520
713,649,519
712,648,518
711,647,517
709,645,515
708,644,514
707,643,513
705,641,512
704,640,511
702,639,509
701,638,508
700,636,507
698,635,506
697,634,505
696,633,504
694,631,502
693,630,501
692,629,500
690,628,499
689,626,498
688,625,497
686,624,495
685,623,494
684,621,493
682,620,492
681,619,491
680,618,489
678,616,488
677,615,487
676,614,486
674,613,485
673,611,484
672,610,482
670,609,481
669,608,480
668,606,479
666,605,478
665,604,477
664,603,475
662,601,474
661,600,473
660,599,472
658,598,471
657,596,470
656,595,468
654,594,467
653,593,466
652,591,465
650,590,464
649,589,463
648,588,461
646,586,460
645,585,459
644,584,458
642,583,457
641,581,456
640,580,454
638,579,453
637,578,452
636,577,451
634,575,450
633,574,449
632,573,448
630,572,446
629,570,445
628,569,444
626,568,443
625,567,442
624,565,441
622,564,439
621,563,438
620,562,437
618,560,436
617,559,435
616,558,434
614,557,432
613,555,431
612,554,430
610,553,429
609,552,428
608,550,427
606,549,425
605,548,424
604,547,423
602,545,422
601,544,421
600,543,420
598,542,418
597,540,417
596,539,416
594,538,415
593,536,414
592,535,413
590,534,412
589,533,410
588,531,409
586,530,408
585,529,407
583,528,406
582,526,405
581,525,403
579,524,402
578,523,401
577,521,400
575,520,399
574,519,398
572,517,396
571,516,395
570,515,394
568,514,393
567,512,392
566,511,391
564,510,389
563,509,388
561,507,387
560,506,386
559,505,385
557,503,384
556,502,382
555,501,381
553,499,380
552,498,379
550,497,378
549,496,377
548,494,375
546,493,374
545,492,373
543,490,372
542,489,371
540,488,370
539,486,368
538,485,367
536,484,366
535,483,365
533,481,364
532,480,363
531,479,361
529,477,360
528,476,359
526,475,358
525,473,357
523,472,356
522,471,354
521,469,353
519,468,352
518,467,351
516,465,350
515,464,349
513,463,347
512,461,346
510,460,345
509,459,344
507,457,343
506,456,341
504,455,340
503,453,339
502,452,338
500,450,337
499,449,336
497,448,334
496,446,333
494,445,332
493,444,331
491,442,330
490,441,328
488,439,327
487,438,326
485,437,325
484,435,324
482,434,323
481,433,321
479,431,320
478,430,319
476,428,318
474,427,317
473,426,315
471,424,314
470,423,313
468,421,312
467,420,311
465,418,309
464,417,308
462,416,307
461,414,306
459,413,305
457,411,303
456,410,302
454,408,301
453,407,300
451,406,299
450,404,297
448,403,296
446,401,295
445,400,294
443,398,293
442,397,291
440,395,290
438,394,289
437,392,288
435,391,287
434,390,285
432,388,284
430,387,283
429,385,282
427,384,281
425,382,279
424,381,278
422,379,277
420,378,276
419,376,274
417,375,273
416,373,272
414,372,271
412,370,270
411,369,268
409,367,267
407,365,266
405,364,265
404,362,263
402,361,262
400,359,261
399,358,260
397,356,259
395,355,257
394,353,256
392,352,255
390,350,254
388,348,252
387,347,251
385,345,250
383,344,249
381,342,247
380,341,246
378,339,245
376,337,244
374,336,242
373,334,241
371,333,240
369,331,239
367,329,237
366,328,236
364,326,235
362,324,234
360,323,232
358,321,231
357,320,230
355,318,229
353,316,227
351,315,226
349,313,225
348,311,224
346,310,222
344,308,221
342,307,220
340,305,219
338,303,217
337,302,216
335,300,215
333,298,214
331,297,212
329,295,211
327,293,210
326,292,209
324,290,207
322,288,206
320,287,205
318,285,204
316,283,202
314,281,201
312,280,200
311,278,198
309,276,197
307,275,196
305,273,195
303,271,193
301,270,192
299,268,191
297,266,190
295,264,188
293,263,187
292,261,186
290,259,184
288,258,183
286,256,182
284,254,181
282,252,179
280,251,178
278,249,177
276,247,176
274,245,174
272,244,173
270,242,172
268,240,170
266,238,169
264,237,168
263,235,167
261,233,165
259,231,164
257,230,163
255,228,161
253,226,160
251,224,159
249,223,158
247,221,156
245,219,155
243,217,154
241,215,152
239,214,151
237,212,150
235,210,148
233,208,147
231,206,146
229,205,145
227,203,143
225,201,142
223,199,141
221,198,139
219,196,138
217,194,137
215,192,135
213,190,134
211,188,133
209,187,132
207,185,130
205,183,129
203,181,128
201,179,126
199,178,125
197,176,124
195,174,122
193,172,121
191,170,120
189,169,119
186,167,117
184,165,116
182,163,115
180,161,113
178,159,112
176,158,111
174,156,109
172,154,108
170,152,107
168,150,106
166,148,104
164,146,103
162,145,102
160,143,100
158,141,99
156,139,98
154,137,96
152,135,95
149,134,94
147,132,92
145,130,91
143,128,90
141,126,88
139,124,87
137,122,86
135,121,85
133,119,83
131,117,82
129,115,81
127,113,79
125,111,78
122,109,77
120,108,75
118,106,74
116,104,73
114,102,71
112,100,70
110,98,69
108,96,67
106,94,66
104,93,65
102,91,63
99,89,62
97,87,61
95,85,59
93,83,58
91,81,57
89,79,56
87,78,54
85,76,53
83,74,52
80,72,50
78,70,49
76,68,48
74,66,46
72,64,45
70,62,44
68,61,42
66,59,41
64,57,40
61,55,38
59,53,37
57,51,36
55,49,34
53,47,33
51,45,32
49,44,30
47,42,29
45,40,28
42,38,26
40,36,25
38,34,24
36,32,22
34,30,21
32,28,20
30,27,19
28,25,17
25,23,16
23,21,15
21,19,13
19,17,12
17,15,11
15,13,9
13,11,8
11,9,7
8,8,5
6,6,4
4,4,3
2,2,1
0,0,0
