2.319 2.271 2.221
0.225 0.236 0.184
1.887 1.863 1.838
0.348 0.399 0.369
1.376 1.395 1.391
1.118 1.129 1.094
1.003 1.027 0.974
0.779 0.804 0.788
0.117 0.100 0.064
2.178 2.265 2.248
0.881 0.903 0.863
0.641 0.686 0.699
0.523 0.604 0.634
1.246 1.259 1.247
0.279 0.309 0.266
1.618 1.629 1.629
0.144 0.151 0.108
2.182 2.145 2.099
0.124 0.150 0.109
1.122 1.251 1.257
0.242 0.311 0.268
0.887 1.002 0.976
0.552 0.679 0.702
2.380 2.207 2.277
0.159 0.112 0.108
1.889 1.698 1.867
0.166 0.233 0.184
0.310 0.270 0.278
1.929 2.129 2.129
0.153 0.108 0.071
0.776 0.888 0.871
0.669 0.774 0.776
1.243 1.405 1.422
1.005 1.113 1.103
1.623 1.858 1.865
0.321 0.402 0.379
1.389 1.297 1.412
1.250 1.165 1.255
0.545 0.565 0.642
1.003 0.933 0.975
0.874 0.810 0.853
2.457 2.375 2.184
0.153 0.147 0.073
1.876 1.849 1.638
1.617 1.483 1.632
0.291 0.301 0.200
0.234 0.177 0.185
2.179 1.957 2.125
0.125 0.149 0.071
0.771 0.730 0.770
0.657 0.645 0.704
1.123 1.054 1.100
0.442 0.438 0.523
0.356 0.344 0.372
1.370 1.368 1.235
1.209 1.200 1.065
0.526 0.581 0.525
0.963 0.959 0.837
0.852 0.850 0.752



1.573 1.555 1.396

0.213 0.223 0.121
2.169 2.118 1.869
0.114 0.104 0.100
0.737 0.741 0.689
