PictoIN.den
0
0
255
4500
32
1 0 0 0 2.400000 2.400000 2.250000
2 8 8 8 2.249948 2.249948 2.136864
3 16 16 16 2.101988 2.101988 2.024259
4 25 25 25 1.958211 1.958211 1.912715
5 33 33 33 1.820710 1.820710 1.802762
6 41 41 41 1.691575 1.691575 1.694930
7 49 49 49 1.572900 1.572900 1.589750
8 58 58 58 1.466774 1.466774 1.487753
9 66 66 66 1.373384 1.373384 1.390165
10 74 74 74 1.285961 1.285961 1.298813
11 82 82 82 1.203789 1.203789 1.212948
12 90 90 90 1.126272 1.126272 1.131947
13 99 99 99 1.052912 1.052912 1.055290
14 107 107 107 0.983284 0.983284 0.982533
15 115 115 115 0.917028 0.917028 0.913299
16 123 123 123 0.853831 0.853831 0.847262
17 132 132 132 0.793425 0.793425 0.784141
18 140 140 140 0.735572 0.735572 0.723688
19 148 148 148 0.680066 0.680066 0.665687
20 156 156 156 0.626724 0.626724 0.609947
21 165 165 165 0.575382 0.575382 0.556298
22 173 173 173 0.525898 0.525898 0.504590
23 181 181 181 0.478140 0.478140 0.454686
24 189 189 189 0.431993 0.431993 0.406464
25 197 197 197 0.387351 0.387351 0.359816
26 206 206 206 0.344119 0.344119 0.314641
27 214 214 214 0.302211 0.302211 0.270850
28 222 222 222 0.261549 0.261549 0.228360
29 230 230 230 0.222060 0.222060 0.187096
30 239 239 239 0.183678 0.183678 0.146989
31 247 247 247 0.146343 0.146343 0.107977
32 255 255 255 0.110000 0.110000 0.070000
