Line 1
0
0
255
4500
32
  1   0   0   0 2.210 2.210 2.074
  2   8   8   8 2.074 2.074 1.971
  3  16  16  16 1.939 1.939 1.868
  4  25  25  25 1.809 1.809 1.768
  5  33  33  33 1.684 1.684 1.668
  6  41  41  41 1.567 1.567 1.570
  7  49  49  49 1.459 1.459 1.474
  8  58  58  58 1.363 1.363 1.382
  9  66  66  66 1.277 1.277 1.293
 10  74  74  74 1.198 1.198 1.210
 11  82  82  82 1.124 1.124 1.132
 12  90  90  90 1.053 1.053 1.058
 13  99  99  99 0.987 0.987 0.988
 14 107 107 107 0.923 0.923 0.923
 15 115 115 115 0.863 0.863 0.859
 16 123 123 123 0.806 0.806 0.799
 17 132 132 132 0.750 0.750 0.742
 18 140 140 140 0.699 0.699 0.688
 19 148 148 148 0.648 0.648 0.635
 20 156 156 156 0.600 0.600 0.584
 21 165 165 165 0.552 0.552 0.535
 22 173 173 173 0.508 0.508 0.489
 23 181 181 181 0.464 0.464 0.443
 24 189 189 189 0.422 0.422 0.399
 25 197 197 197 0.382 0.382 0.357
 26 206 206 206 0.343 0.343 0.316
 27 214 214 214 0.304 0.304 0.276
 28 222 222 222 0.268 0.268 0.237
 29 230 230 230 0.232 0.232 0.200
 30 239 239 239 0.197 0.197 0.164
 31 247 247 247 0.163 0.163 0.128
 32 255 255 255 0.130 0.130 0.094
