4095,4095,4095
4065,4067,4068
4036,4041,4042
4007,4014,4016
3978,3988,3990
3949,3962,3964
3921,3936,3939
3894,3911,3914
3866,3885,3889
3839,3860,3865
3812,3836,3840
3785,3811,3816
3759,3787,3792
3733,3763,3768
3707,3739,3745
3682,3716,3722
3657,3692,3699
3632,3669,3676
3607,3647,3653
3583,3624,3631
3559,3602,3609
3535,3580,3587
3512,3558,3566
3489,3537,3544
3466,3515,3523
3444,3494,3502
3421,3474,3481
3399,3453,3461
3378,3433,3441
3357,3413,3421
3336,3393,3401
3315,3374,3382
3295,3355,3362
3274,3336,3343
3255,3317,3324
3235,3299,3306
3216,3280,3287
3197,3263,3269
3178,3245,3251
3160,3227,3234
3142,3210,3216
3124,3193,3199
3107,3177,3182
3090,3160,3165
3073,3144,3149
3056,3128,3133
3040,3112,3117
3024,3097,3101
3009,3082,3085
2993,3067,3070
2978,3052,3055
2963,3038,3040
2949,3024,3025
2935,3010,3011
2921,2996,2997
2907,2983,2983
2894,2970,2969
2881,2957,2955
2868,2944,2942
2856,2932,2929
2844,2920,2916
2832,2908,2904
2821,2896,2891
2809,2885,2879
2799,2874,2868
2788,2863,2856
2777,2852,2844
2766,2841,2832
2756,2830,2821
2745,2819,2809
2734,2808,2797
2723,2797,2785
2713,2786,2774
2703,2774,2762
2694,2762,2750
2684,2750,2739
2675,2739,2727
2666,2727,2715
2656,2715,2704
2647,2703,2692
2638,2692,2681
2629,2683,2671
2621,2675,2662
2612,2666,2653
2604,2658,2644
2595,2650,2634
2587,2641,2625
2578,2633,2616
2570,2625,2607
2562,2617,2598
2555,2609,2589
2547,2601,2580
2540,2593,2572
2532,2585,2563
2525,2577,2554
2517,2569,2545
2510,2561,2537
2502,2553,2529
2495,2546,2522
2488,2538,2514
2481,2531,2507
2473,2524,2499
2466,2516,2492
2459,2509,2484
2452,2502,2477
2444,2494,2469
2437,2487,2461
2430,2480,2454
2423,2473,2446
2416,2466,2438
2409,2459,2431
2402,2452,2423
2395,2445,2416
2387,2437,2408
2380,2430,2400
2373,2422,2392
2366,2415,2384
2359,2408,2376
2352,2400,2368
2345,2393,2360
2338,2386,2352
2330,2378,2344
2323,2371,2336
2316,2363,2328
2309,2356,2320
2301,2348,2312
2294,2341,2304
2287,2333,2296
2280,2326,2288
2272,2318,2280
2265,2311,2273
2257,2303,2266
2250,2296,2259
2242,2289,2252
2235,2281,2245
2227,2274,2238
2220,2267,2231
2212,2259,2223
2204,2252,2216
2197,2245,2209
2189,2238,2202
2181,2231,2195
2174,2224,2188
2166,2217,2181
2159,2210,2174
2151,2202,2165
2144,2195,2157
2136,2187,2148
2129,2180,2140
2121,2173,2132
2114,2165,2123
2106,2158,2115
2099,2151,2107
2091,2143,2098
2084,2136,2090
2076,2128,2081
2069,2121,2073
2061,2113,2064
2054,2106,2056
2046,2098,2047
2039,2091,2039
2031,2083,2031
2024,2075,2024
2017,2068,2017
2010,2060,2010
2003,2052,2003
1996,2045,1996
1989,2037,1989
1982,2030,1982
1974,2021,1974
1967,2013,1967
1960,2004,1960
1953,1996,1953
1946,1987,1946
1939,1979,1939
1932,1970,1932
1925,1962,1925
1917,1953,1917
1909,1945,1909
1901,1936,1901
1893,1928,1893
1885,1920,1885
1877,1911,1877
1869,1903,1869
1862,1895,1862
1854,1887,1854
1846,1880,1846
1838,1872,1838
1830,1865,1830
1822,1857,1822
1814,1850,1814
1806,1842,1806
1798,1835,1798
1788,1827,1788
1779,1819,1779
1769,1811,1769
1760,1803,1760
1750,1795,1750
1741,1787,1741
1731,1779,1731
1722,1772,1722
1712,1763,1712
1702,1754,1702
1692,1745,1692
1683,1736,1683
1673,1726,1673
1663,1717,1663
1653,1708,1653
1644,1699,1644
1634,1690,1634
1625,1681,1625
1616,1672,1616
1607,1663,1607
1598,1653,1598
1589,1644,1589
1580,1635,1580
1571,1626,1571
1561,1616,1561
1552,1607,1552
1543,1598,1543
1534,1589,1534
1521,1579,1521
1508,1570,1508
1495,1561,1495
1481,1552,1481
1467,1541,1467
1451,1528,1451
1432,1512,1432
1412,1493,1412
1388,1472,1388
1363,1449,1363
1335,1422,1335
1306,1393,1306
1274,1362,1274
1239,1327,1239
1203,1290,1203
1164,1251,1164
1123,1209,1123
1079,1164,1079
1034,1117,1034
986,1066,986
936,1014,936
884,958,884
829,900,829
772,840,772
713,777,713
652,711,652
589,642,589
523,571,523
455,497,455
384,421,384
312,342,312
237,260,237
160,176,160
81,89,81
0,0,0
