Fuji DP b3.tgt
0
0
255
4500
32
1 0 0 0 2.470000 2.370000 2.220000
2 8 8 8 2.296485 2.220176 2.078767
3 16 16 16 2.126025 2.072451 1.939465
4 25 25 25 1.961677 1.928922 1.804023
5 33 33 33 1.806496 1.791689 1.674371
6 41 41 41 1.663538 1.662850 1.552440
7 49 49 49 1.535860 1.544503 1.440161
8 58 58 58 1.426515 1.438747 1.339462
9 66 66 66 1.335063 1.345762 1.250564
10 74 74 74 1.249480 1.258745 1.167371
11 82 82 82 1.169058 1.176975 1.089196
12 90 90 90 1.093209 1.099855 1.015466
13 99 99 99 1.021442 1.026885 0.945703
14 107 107 107 0.953339 0.957641 0.879503
15 115 115 115 0.888545 0.891760 0.816518
16 123 123 123 0.826752 0.828932 0.756452
17 132 132 132 0.767695 0.768886 0.699045
18 140 140 140 0.711143 0.711385 0.644072
19 148 148 148 0.656890 0.656223 0.591334
20 156 156 156 0.604758 0.603217 0.540658
21 165 165 165 0.554586 0.552205 0.491888
22 173 173 173 0.506233 0.503042 0.444886
23 181 181 181 0.459572 0.455598 0.399528
24 189 189 189 0.414488 0.409758 0.355703
25 197 197 197 0.370877 0.365417 0.313311
26 206 206 206 0.328647 0.322479 0.272261
27 214 214 214 0.287713 0.280859 0.232470
28 222 222 222 0.247998 0.240479 0.193864
29 230 230 230 0.209431 0.201265 0.156374
30 239 239 239 0.171948 0.163154 0.119938
31 247 247 247 0.135489 0.126084 0.084498
32 255 255 255 0.100000 0.090000 0.050000
